0 0 0
1 1 0
2 1.4093 0.00426249
3 1.72413 0.00596608
4 1.9857 0.00669142
5 2.25316 0.00832334
6 2.43113 0.0106536
7 2.66109 0.0118658
8 2.8194 0.0114786
9 3.00773 0.0104137
10 3.17169 0.0139942
11 3.2982 0.0133115
12 3.47773 0.0149416
13 3.61642 0.0147906
14 3.74097 0.0150716
15 3.88032 0.0149929
16 3.98762 0.0164492
17 4.09764 0.0176492
18 4.23362 0.0163732
19 4.3376 0.0159977
20 4.46117 0.0177389
21 4.5879 0.0166925
22 4.67286 0.0187394
23 4.81 0.0198325
24 4.91323 0.0220917
25 4.97411 0.0206363
26 5.12732 0.0206001
27 5.19209 0.0205517
28 5.279 0.0237586
29 5.37844 0.0246644
30 5.46248 0.0173289
31 5.57378 0.0223152
32 5.64163 0.0203561
33 5.73076 0.0212835
34 5.83387 0.0244018
35 5.89797 0.0228518
36 6.0113 0.0279686
37 6.04518 0.0199675
38 6.17544 0.0265147
39 6.23094 0.0271183
40 6.30668 0.0275149
41 6.36681 0.0257598
42 6.43974 0.0274375
43 6.54627 0.0270169
44 6.59773 0.0296224
45 6.68367 0.0276674
46 6.75214 0.0261954
47 6.80516 0.0316945
48 6.91275 0.0294759
49 6.97389 0.0283447
50 7.06079 0.0323188
51 7.1471 0.0315957
52 7.19777 0.0302696
53 7.29603 0.0332233
54 7.34919 0.034799
55 7.45315 0.0350049
56 7.50113 0.0321258
57 7.48897 0.0333197
58 7.65339 0.0353872
59 7.71547 0.0306725
60 7.66572 0.0312925
61 7.79047 0.0318085
62 7.98145 0.0349226
63 7.92486 0.0346807
64 7.98809 0.0354833
65 8.0292 0.0342886
66 8.14917 0.0342266
67 8.20049 0.0357601
68 8.31165 0.0356488
69 8.31039 0.0311477
70 8.34298 0.0322632
71 8.45915 0.0391917
72 8.5222 0.038567
73 8.45942 0.034823
74 8.61023 0.0428626
75 8.68546 0.0317781
76 8.69482 0.0375344
77 8.822 0.0329037
78 8.79608 0.0390602
79 8.89132 0.0353863
80 8.9162 0.0414399
81 8.96972 0.0391575
82 9.06598 0.0326971
83 9.18005 0.036285
84 9.16082 0.040315
85 9.20293 0.0402224
86 9.29598 0.0404223
87 9.3516 0.042392
88 9.34074 0.0407078
89 9.40875 0.0318547
90 9.49778 0.0443387
91 9.48998 0.0398494
92 9.57275 0.0422601
93 9.70064 0.0423274
94 9.75311 0.0449825
95 9.69264 0.0461234
96 9.79563 0.0418016
97 9.75536 0.0395937
98 9.91988 0.0404036
99 9.96057 0.0480306
100 10.008 0.0398744
