0 0 0
1 1 0
2 1.41683 0.0040015
3 1.73694 0.00516116
4 2.00821 0.00687046
5 2.23601 0.00843646
6 2.44189 0.00886721
7 2.64295 0.0103542
8 2.80924 0.0119749
9 3.01707 0.0124175
10 3.16504 0.0115963
11 3.33417 0.012348
12 3.43981 0.013297
13 3.60572 0.0145624
14 3.72076 0.014255
15 3.87268 0.0141159
16 3.98669 0.0173736
17 4.0921 0.0186261
18 4.24522 0.016738
19 4.31785 0.017799
20 4.4683 0.0186184
21 4.58842 0.018412
22 4.68328 0.01744
23 4.76825 0.019532
24 4.86298 0.0192776
25 4.97896 0.0189485
26 5.10096 0.0195967
27 5.1628 0.0194143
28 5.27073 0.0225687
29 5.35585 0.0229835
30 5.43087 0.0242666
31 5.54491 0.0226375
32 5.68052 0.0204725
33 5.77541 0.0238286
34 5.84004 0.0226836
35 5.96402 0.0252321
36 6.03023 0.0230822
37 6.06138 0.0228399
38 6.12776 0.0246441
39 6.23789 0.0251427
40 6.38082 0.0250143
41 6.41852 0.0251975
42 6.45227 0.026474
43 6.57077 0.0274562
44 6.64711 0.0277783
45 6.65702 0.0282896
46 6.76376 0.0270448
47 6.84515 0.0238892
48 6.89829 0.0309133
49 7.00896 0.0266062
50 7.02413 0.0271555
51 7.12212 0.0291674
52 7.17336 0.0289704
53 7.21937 0.029855
54 7.36526 0.0290083
55 7.36137 0.0322263
56 7.47584 0.0290935
57 7.54619 0.0319379
58 7.65508 0.031764
59 7.6977 0.0309433
60 7.73746 0.0341233
61 7.82951 0.0327852
62 7.84439 0.0326745
63 7.9365 0.0312993
64 8.00142 0.0325118
65 8.08245 0.0324824
66 8.07949 0.0342246
67 8.15293 0.0326779
68 8.2714 0.0312828
69 8.33086 0.0336915
70 8.33175 0.0345761
71 8.41705 0.0325491
72 8.45915 0.0366787
73 8.49684 0.0335042
74 8.62658 0.0358604
75 8.67051 0.03128
76 8.72542 0.0364697
77 8.78114 0.0349227
78 8.81275 0.035965
79 8.82521 0.0329054
80 8.91526 0.035133
81 8.9819 0.0324982
82 9.06674 0.0329031
83 9.07635 0.0449373
84 9.11965 0.0398135
85 9.20395 0.036541
86 9.22299 0.036318
87 9.31546 0.0379718
88 9.38865 0.0395268
89 9.5088 0.0401551
90 9.49902 0.0406645
91 9.56475 0.0390797
92 9.61377 0.0362745
93 9.52752 0.0395156
94 9.75631 0.0414807
95 9.83699 0.0418458
96 9.7854 0.0393263
97 9.82109 0.0374524
98 9.95341 0.0364733
99 9.99022 0.0420455
100 10.0468 0.038997
