           1    0.924605    0.924605           0
           2    0.873582    0.899094   0.0255112
           3    0.928351    0.908846    0.017665
           4    0.882737    0.902319   0.0140936
           5    0.918417    0.905539   0.0113818
           6    0.872768    0.900077   0.0107793
           7    0.841948    0.891773    0.012327
           8    0.884705    0.890889    0.010712
           9    0.896842    0.891551  0.00947021
          10    0.912004    0.893596  0.00871384
          11    0.834924    0.888262  0.00951709
          12    0.918739    0.890802  0.00905148
          13    0.777099    0.882055   0.0120758
          14    0.915678    0.884457    0.011435
          15     0.86956    0.883464   0.0106917
          16    0.880586    0.883284   0.0100028
          17    0.866547      0.8823  0.00944739
          18    0.913999    0.884061  0.00907952
          19    0.930708    0.886516  0.00893238
          20    0.871252    0.885753   0.0085083
          21    0.917127    0.887247  0.00822976
          22    0.803002    0.883417  0.00873127
          23    0.901018    0.884183  0.00837804
          24    0.846852    0.882627  0.00817078
          25     0.84509    0.881126  0.00797967
          26    0.789876    0.877616  0.00843175
          27    0.936078    0.879781  0.00839741
          28    0.841776    0.878424  0.00820499
          29    0.917576    0.879774   0.0080313
          30    0.906863    0.880677  0.00781134
          31    0.880736    0.880679  0.00755516
          32    0.936144    0.882412  0.00751779
          33    0.881466    0.882384  0.00728648
          34    0.882549    0.882388  0.00706892
          35    0.904638    0.883024  0.00689336
          36     0.87332    0.882755  0.00670456
          37    0.868554    0.882371  0.00653212
          38    0.845063    0.881389  0.00643326
          39    0.911581    0.882163  0.00631377
          40    0.885745    0.882253  0.00615456
          41    0.877854    0.882145  0.00600353
          42    0.886338    0.882245  0.00585969
          43     0.90621    0.882803  0.00574888
          44     0.87367    0.882595  0.00562054
          45    0.899816    0.882978  0.00550753
          46    0.864243     0.88257  0.00540184
          47    0.901482    0.882973  0.00530095
          48    0.934747    0.884051  0.00530026
          49    0.949828    0.885394  0.00536172
          50    0.919559    0.886077  0.00529764
          51    0.828638    0.884951  0.00531347
          52    0.942532    0.886058  0.00532665
          53    0.877413    0.885895  0.00522773
          54    0.919262    0.886513  0.00516708
          55    0.928256    0.887272  0.00512873
          56    0.748398    0.884792  0.00561376
          57    0.901003    0.885076  0.00552172
          58    0.928778     0.88583  0.00547775
          59    0.901156     0.88609  0.00539037
          60    0.943068    0.887039  0.00538418
          61    0.884802    0.887003  0.00529531
          62     0.91649    0.887478  0.00523086
          63    0.896247    0.887617  0.00514905
          64    0.928755     0.88826  0.00510855
          65    0.861441    0.887848  0.00504624
          66    0.874647    0.887648  0.00497322
          67    0.870322    0.887389  0.00490525
          68    0.825432    0.886478  0.00491772
          69    0.883933    0.886441  0.00484606
          70    0.938616    0.887186  0.00483414
          71    0.854405    0.886725  0.00478788
          72    0.919309    0.887177  0.00474255
          73    0.882931    0.887119   0.0046775
          74    0.924945     0.88763  0.00464208
          75    0.841882     0.88702  0.00462021
          76    0.914072    0.887376  0.00457289
          77    0.852091    0.886918  0.00453632
          78    0.879954    0.886829  0.00447867
          79    0.917388    0.887215   0.0044385
          80    0.912971    0.887537  0.00439448
          81    0.931898    0.888085  0.00437431
          82    0.944045    0.888767   0.0043742
          83    0.920757    0.889153  0.00433833
          84    0.913722    0.889445  0.00429634
          85    0.894436    0.889504   0.0042459
          86    0.883018    0.889429  0.00419691
          87    0.903946    0.889596  0.00415175
          88    0.856516     0.88922  0.00412148
          89    0.932343    0.889704  0.00410361
          90    0.851325    0.889278   0.0040801
          91    0.870574    0.889072  0.00404025
          92    0.901809    0.889211  0.00399849
          93     0.90662    0.889398  0.00395969
          94     0.82529    0.888716  0.00397626
          95    0.933232    0.889184  0.00396199
          96    0.930155    0.889611  0.00394367
          97    0.858931    0.889295  0.00391559
          98    0.901716    0.889422   0.0038775
          99    0.867722    0.889202  0.00384439
         100    0.872813    0.889039  0.00380928
           1    0.370367    0.370367           0
           2     0.34267    0.356519   0.0138486
           3    0.372537    0.361858   0.0096145
           4    0.336862    0.355609  0.00923416
           5    0.381522    0.360792  0.00883295
           6    0.389381    0.365557  0.00864395
           7    0.340374    0.361959  0.00814321
           8     0.36018    0.361737  0.00705573
           9      0.3639    0.361977  0.00622721
          10    0.365142    0.362294  0.00557877
          11    0.328011    0.359177  0.00593105
          12    0.349611     0.35838  0.00547265
          13    0.335295    0.356604  0.00533812
          14    0.338338    0.355299  0.00511146
          15     0.35176    0.355063  0.00476436
          16    0.326038    0.353249  0.00481171
          17    0.323351    0.351491  0.00484993
          18    0.357531    0.351826  0.00458485
          19    0.361576    0.352339  0.00436709
          20    0.367102    0.353077  0.00420823
          21    0.365047    0.353647   0.0040432
          22     0.35156    0.353553   0.0038562
          23    0.400553    0.355596  0.00421345
          24    0.380345    0.356627  0.00416379
          25    0.327311    0.355455  0.00416237
          26    0.375764    0.356236  0.00407465
          27     0.38204    0.357191  0.00403563
          28    0.382486    0.358095  0.00399238
          29    0.368745    0.358462  0.00386972
          30     0.38523    0.359354  0.00384351
          31    0.360043    0.359377  0.00371753
          32    0.354899    0.359237   0.0036022
          33    0.352305    0.359027  0.00349765
          34    0.376538    0.359542  0.00343208
          35    0.356195    0.359446  0.00333395
          36    0.386554    0.360199  0.00332637
          37    0.340454    0.359665  0.00327893
          38    0.367507    0.359872  0.00319814
          39     0.33772    0.359304  0.00316642
          40    0.371596    0.359611  0.00310151
          41    0.308415    0.358362  0.00327251
          42     0.32026    0.357455  0.00331999
          43    0.357718    0.357461  0.00324187
          44    0.390967    0.358223  0.00325759
          45    0.350384    0.358049  0.00318914
          46    0.385011    0.358635  0.00317363
          47    0.337171    0.358178  0.00313878
          48    0.397552    0.358998   0.0031803
          49     0.36271    0.359074  0.00311564
          50    0.338593    0.358664  0.00308005
          51    0.354982    0.358592  0.00301992
          52     0.36494    0.358714  0.00296379
          53    0.352808    0.358603  0.00290946
          54    0.366176    0.358743  0.00285852
          55    0.368379    0.358918  0.00281153
          56    0.373789    0.359184  0.00277361
          57    0.381754     0.35958  0.00275313
          58    0.395004    0.360191  0.00277334
          59    0.368123    0.360325  0.00272924
          60    0.393336    0.360875  0.00273919
          61    0.363957    0.360926  0.00269439
          62    0.355453    0.360837  0.00265204
          63    0.363643    0.360882  0.00260999
          64    0.378037     0.36115  0.00258283
          65    0.334641    0.360742  0.00257528
          66     0.36231    0.360766  0.00253607
          67    0.358591    0.360733  0.00249814
          68    0.358996    0.360708  0.00246126
          69    0.344508    0.360473  0.00243667
          70    0.376774    0.360706  0.00241287
          71     0.32146    0.360153  0.00244203
          72    0.370743      0.3603  0.00241236
          73    0.342885    0.360062  0.00239101
          74    0.375922    0.360276   0.0023682
          75     0.34602    0.360086  0.00234413
          76    0.355966    0.360032  0.00231371
          77    0.402914    0.360589   0.0023504
          78    0.351522    0.360472  0.00232298
          79    0.359182    0.360456  0.00229345
          80    0.412177    0.361103  0.00235507
          81    0.354199    0.361017  0.00232738
          82      0.3582    0.360983  0.00229908
          83    0.358623    0.360955  0.00227139
          84    0.342085     0.36073   0.0022554
          85    0.371118    0.360852  0.00223206
          86    0.379882    0.361073  0.00221702
          87    0.382344    0.361318  0.00220498
          88    0.341916    0.361098  0.00219091
          89    0.342423    0.360888  0.00217629
          90    0.335538    0.360606  0.00217032
          91    0.317404    0.360131  0.00219822
          92    0.364804    0.360182  0.00217479
          93    0.307029    0.359611   0.0022259
          94    0.350086    0.359509  0.00220443
          95    0.329485    0.359193  0.00220388
          96    0.358635    0.359187  0.00218081
          97    0.340137    0.358991  0.00216712
          98    0.334876    0.358745  0.00215897
          99    0.351241    0.358669  0.00213839
         100    0.350854    0.358591  0.00211834
           1    0.143384    0.143384           0
           2     0.15443    0.148907   0.0055232
           3    0.151777    0.149864  0.00332927
           4    0.136989    0.146645  0.00398766
           5    0.146495    0.146615  0.00308897
           6    0.146547    0.146604  0.00252216
           7    0.141793    0.145916  0.00223967
           8    0.143758    0.145647  0.00195828
           9    0.157928    0.147011  0.00220111
          10    0.153501     0.14766  0.00207293
          11    0.135101    0.146519   0.0021953
          12    0.126745    0.144871  0.00259447
          13    0.127075    0.143502  0.00275128
          14     0.14834    0.143847  0.00257052
          15     0.14761    0.144098  0.00240614
          16    0.140972    0.143903   0.0022592
          17    0.136871    0.143489  0.00216209
          18    0.161701    0.144501  0.00227572
          19    0.148856     0.14473  0.00216479
          20    0.150126       0.145  0.00207135
          21    0.146659    0.145079  0.00197183
          22     0.14202     0.14494   0.0018852
          23    0.150548    0.145184   0.0018178
          24     0.14483    0.145169  0.00174047
          25    0.139687     0.14495  0.00168374
          26    0.155035    0.145338  0.00166355
          27    0.160756    0.145909  0.00169956
          28    0.145516    0.145895   0.0016378
          29     0.12987    0.145342  0.00167414
          30    0.172832    0.146258  0.00185892
          31    0.120617    0.145431  0.00197909
          32    0.140793    0.145286  0.00192172
          33     0.14249    0.145202   0.0018645
          34    0.140481    0.145063  0.00181416
          35    0.137479    0.144846  0.00177484
          36    0.148569    0.144949  0.00172793
          37    0.143017    0.144897  0.00168139
          38    0.145204    0.144905  0.00163656
          39    0.147178    0.144964  0.00159511
          40    0.152432     0.14515   0.0015659
          41    0.135673    0.144919  0.00154462
          42    0.140299    0.144809  0.00151141
          43     0.15521    0.145051  0.00149553
          44    0.154761    0.145272  0.00147771
          45    0.138716    0.145126  0.00145183
          46    0.150175    0.145236  0.00142415
          47    0.163869    0.145632  0.00144882
          48    0.164613    0.146028  0.00147241
          49     0.15028    0.146114  0.00144466
          50    0.146037    0.146113  0.00141547
          51    0.150636    0.146202  0.00139027
          52    0.150331    0.146281  0.00136558
          53    0.144098     0.14624   0.0013402
          54    0.152548    0.146357  0.00132033
          55    0.167801    0.146747  0.00135347
          56    0.152765    0.146854  0.00133342
          57    0.148042    0.146875  0.00130998
          58     0.14264    0.146802  0.00128927
          59    0.148338    0.146828   0.0012675
          60    0.153825    0.146945  0.00125164
          61     0.14469    0.146908   0.0012315
          62    0.137214    0.146751  0.00122153
          63    0.136854    0.146594   0.0012122
          64     0.14767    0.146611  0.00119323
          65    0.133092    0.146403    0.001193
          66     0.15359    0.146512  0.00117982
          67    0.141711     0.14644  0.00116429
          68     0.15133    0.146512  0.00114929
          69    0.161041    0.146723  0.00115192
          70    0.148002    0.146741  0.00113549
          71    0.142378    0.146679  0.00112107
          72    0.136734    0.146541  0.00111398
          73    0.158856     0.14671  0.00111149
          74    0.151369    0.146773  0.00109818
          75    0.151537    0.146837   0.0010853
          76    0.150185    0.146881  0.00107183
          77     0.16477    0.147113  0.00108303
          78    0.133902    0.146944  0.00108238
          79     0.15472    0.147042  0.00107312
          80    0.165182    0.147269  0.00108361
          81    0.149506    0.147296  0.00107051
          82    0.145296    0.147272  0.00105765
          83    0.137694    0.147157  0.00105118
          84    0.143421    0.147112  0.00103955
          85    0.144928    0.147086  0.00102756
          86    0.157358    0.147206  0.00102255
          87    0.138674    0.147108  0.00101547
          88     0.14119    0.147041  0.00100611
          89    0.136704    0.146924   0.0010015
          90    0.142761    0.146878 0.000991392
          91    0.135772    0.146756 0.000988004
          92     0.15257    0.146819 0.000979247
          93     0.12388    0.146573 0.000999571
          94    0.142764    0.146532  0.00098971
          95    0.139065    0.146453 0.000982386
          96    0.148869    0.146479 0.000972425
          97    0.131518    0.146324 0.000974628
          98    0.139794    0.146258  0.00096693
          99    0.130855    0.146102 0.000969676
         100    0.162822    0.146269 0.000974382
           1   0.0818456   0.0818456           0
           2    0.079566   0.0807058   0.0011398
           3    0.083742   0.0817179   0.0012072
           4    0.076098   0.0803129  0.00164396
           5    0.068874   0.0780251   0.0026183
           6   0.0768692   0.0778325   0.0021465
           7   0.0758272    0.077546   0.0018366
           8    0.081958   0.0780975  0.00168344
           9   0.0847144   0.0788327  0.00165672
          10    0.078542   0.0788036   0.0014821
          11   0.0691728   0.0779281  0.00160119
          12   0.0693892   0.0772165  0.00162568
          13   0.0755156   0.0770857  0.00150112
          14   0.0735864   0.0768357  0.00141207
          15   0.0742352   0.0766624  0.00132595
          16    0.080964   0.0769312  0.00126911
          17   0.0716668   0.0766216  0.00123169
          18   0.0789788   0.0767525  0.00116861
          19   0.0795412   0.0768993  0.00111509
          20   0.0781896   0.0769638  0.00105984
          21   0.0795304    0.077086  0.00101549
          22   0.0745564    0.076971 0.000975033
          23   0.0758088   0.0769205 0.000933045
          24   0.0805476   0.0770716 0.000906017
          25   0.0789168   0.0771454 0.000872149
          26   0.0811088   0.0772979 0.000851687
          27     0.08684   0.0776513  0.00089249
          28   0.0829524   0.0778406 0.000880618
          29   0.0705872   0.0775905 0.000885756
          30   0.0882048   0.0779443 0.000925982
          31   0.0712576   0.0777286 0.000921222
          32   0.0722036   0.0775559 0.000908526
          33   0.0764068   0.0775211 0.000881253
          34   0.0763484   0.0774866 0.000855636
          35    0.065552   0.0771456 0.000898083
          36   0.0755224   0.0771006 0.000873943
          37     0.07619   0.0770759 0.000850351
          38    0.080702   0.0771714 0.000833154
          39   0.0763496   0.0771503 0.000811783
          40   0.0828732   0.0772934  0.00080406
          41   0.0751152   0.0772402 0.000786001
          42   0.0707264   0.0770852  0.00078258
          43   0.0811784   0.0771803  0.00077007
          44   0.0861496   0.0773842 0.000779491
          45   0.0743424   0.0773166 0.000764965
          46   0.0867396   0.0775214 0.000775688
          47   0.0856148   0.0776936 0.000778293
          48   0.0884168    0.077917 0.000793982
          49   0.0775084   0.0779087 0.000777655
          50   0.0756052   0.0778626 0.000763334
          51   0.0812524   0.0779291 0.000751164
          52   0.0713528   0.0778026 0.000747355
          53   0.0809872   0.0778627 0.000735576
          54   0.0773908    0.077854 0.000721879
          55   0.0846256   0.0779771 0.000719248
          56   0.0875432   0.0781479 0.000726652
          57   0.0776724   0.0781396 0.000713839
          58   0.0759976   0.0781026 0.000702395
          59    0.079848   0.0781322 0.000691021
          60   0.0845484   0.0782392  0.00068777
          61   0.0807384   0.0782801 0.000677641
          62   0.0724516   0.0781861 0.000673218
          63   0.0746452   0.0781299 0.000664826
          64   0.0781312   0.0781299 0.000654355
          65   0.0735552   0.0780596 0.000648043
          66   0.0834544   0.0781413 0.000643362
          67   0.0803448   0.0781742  0.00063454
          68   0.0795732   0.0781948 0.000625477
          69   0.0874076   0.0783283 0.000630642
          70   0.0825068    0.078388 0.000624427
          71    0.070016   0.0782701 0.000626762
          72     0.07399   0.0782106 0.000620848
          73   0.0870932   0.0783323 0.000624257
          74   0.0818144   0.0783794 0.000617559
          75   0.0749568   0.0783337 0.000610976
          76   0.0733908   0.0782687 0.000606381
          77   0.0771088   0.0782536 0.000598644
          78   0.0763708   0.0782295 0.000591412
          79   0.0800356   0.0782523 0.000584325
          80   0.0886404   0.0783822 0.000591406
          81   0.0772904   0.0783687 0.000584215
          82    0.077472   0.0783578  0.00057715
          83   0.0780772   0.0783544 0.000570164
          84   0.0734724   0.0782963 0.000566325
          85    0.076982   0.0782808 0.000559837
          86   0.0865732   0.0783772 0.000561628
          87   0.0773672   0.0783656 0.000555256
          88   0.0779984   0.0783615 0.000548926
          89   0.0791288   0.0783701 0.000542792
          90    0.074678   0.0783291 0.000538292
          91   0.0693604   0.0782305  0.00054139
          92    0.080508   0.0782553 0.000536045
          93     0.07001   0.0781666 0.000537611
          94   0.0741016   0.0781233 0.000533616
          95    0.076226   0.0781034 0.000528347
          96   0.0857556   0.0781831 0.000528856
          97   0.0704224   0.0781031 0.000529455
          98   0.0801728   0.0781242  0.00052445
          99   0.0713728    0.078056 0.000523586
         100   0.0827392   0.0781028 0.000520435
           1   0.0502036   0.0502036           0
           2    0.049952   0.0500778   0.0001258
           3   0.0538092   0.0513216  0.00124592
           4   0.0509452   0.0512275 0.000886009
           5     0.04686    0.050354  0.00111086
           6   0.0463276   0.0496829  0.00112827
           7   0.0503568   0.0497792 0.000958413
           8   0.0484352   0.0496112 0.000846841
           9   0.0550248   0.0502127 0.000958953
          10   0.0568832   0.0508798  0.00108657
          11   0.0466856   0.0504985   0.0010542
          12   0.0495816   0.0504221 0.000965381
          13    0.047436   0.0501924 0.000917248
          14   0.0438968   0.0497427  0.00096092
          15   0.0478188   0.0496144 0.000903715
          16   0.0516876    0.049744 0.000855221
          17   0.0435484   0.0493796 0.000882144
          18   0.0497956   0.0494027 0.000832014
          19   0.0529908   0.0495915 0.000809347
          20    0.051592   0.0496915 0.000774302
          21   0.0524036   0.0498207 0.000747745
          22   0.0438268   0.0495482 0.000763231
          23   0.0524108   0.0496727 0.000739837
          24    0.051032   0.0497293   0.0007106
          25   0.0512032   0.0497883 0.000684129
          26   0.0501532   0.0498023  0.00065744
          27    0.055502   0.0500134 0.000666913
          28   0.0531248   0.0501245  0.00065219
          29   0.0467864   0.0500094 0.000639739
          30   0.0552084   0.0501827 0.000641884
          31   0.0474024    0.050093 0.000627277
          32   0.0451712   0.0499392 0.000626531
          33    0.045396   0.0498016  0.00062266
          34    0.048454   0.0497619 0.000605368
          35    0.045138   0.0496298  0.00060248
          36   0.0489344   0.0496105 0.000585824
          37   0.0474204   0.0495513 0.000572837
          38   0.0541284   0.0496718 0.000570421
          39   0.0506224   0.0496961 0.000556137
          40   0.0551172   0.0498317 0.000558741
          41   0.0498492   0.0498321 0.000544943
          42   0.0451992   0.0497218 0.000543129
          43   0.0524932   0.0497862  0.00053425
          44   0.0546076   0.0498958 0.000533344
          45   0.0482552   0.0498594 0.000522631
          46   0.0512212    0.049889 0.000511999
          47   0.0565396   0.0500305 0.000520588
          48    0.056442    0.050164 0.000526841
          49   0.0508048   0.0501771 0.000516143
          50   0.0475908   0.0501254 0.000508353
          51   0.0524716   0.0501714 0.000500405
          52   0.0458956   0.0500892 0.000497529
          53   0.0505692   0.0500982 0.000488135
          54   0.0476072   0.0500521 0.000481227
          55   0.0545732   0.0501343 0.000479495
          56   0.0572428   0.0502612 0.000487665
          57    0.050604   0.0502672 0.000479071
          58   0.0507836   0.0502761 0.000470823
          59   0.0537544   0.0503351 0.000466514
          60   0.0538064    0.050393 0.000462307
          61   0.0515428   0.0504118 0.000455056
          62    0.048162   0.0503755 0.000449124
          63   0.0476924   0.0503329 0.000443985
          64   0.0541032   0.0503918 0.000440946
          65   0.0471376   0.0503418 0.000436987
          66   0.0507052   0.0503473  0.00043035
          67   0.0521132   0.0503736 0.000424697
          68   0.0517224   0.0503935 0.000418874
          69   0.0533428   0.0504362 0.000414966
          70   0.0501432    0.050432 0.000409017
          71    0.044292   0.0503455 0.000412384
          72    0.049118   0.0503285 0.000406974
          73    0.057236   0.0504231 0.000412363
          74   0.0526584   0.0504533 0.000407873
          75   0.0424728   0.0503469 0.000416229
          76   0.0523852   0.0503737  0.00041159
          77   0.0506668   0.0503775 0.000406228
          78   0.0445796   0.0503032 0.000407817
          79   0.0521612   0.0503267 0.000403308
          80   0.0549072    0.050384  0.00040233
          81   0.0459956   0.0503298 0.000401008
          82   0.0452572    0.050268 0.000400889
          83   0.0512548   0.0502798 0.000396208
          84   0.0483684   0.0502571 0.000392124
          85    0.046254     0.05021 0.000390335
          86   0.0520548   0.0502314 0.000386365
          87   0.0484456   0.0502109  0.00038245
          88   0.0500452    0.050209 0.000378084
          89    0.050166   0.0502085 0.000373812
          90   0.0469796   0.0501727 0.000371372
          91   0.0451468   0.0501174 0.000371398
          92   0.0504876   0.0501215 0.000367361
          93   0.0448728    0.050065 0.000367745
          94   0.0460724   0.0500226 0.000366283
          95   0.0470288    0.049991 0.000363775
          96   0.0526632   0.0500189  0.00036104
          97   0.0505928   0.0500248 0.000357348
          98    0.049904   0.0500236 0.000353684
          99   0.0482216   0.0500054 0.000350567
         100   0.0484232   0.0499895 0.000347404
           1   0.0360944   0.0360944           0
           2   0.0360864   0.0360904       4e-06
           3   0.0381464   0.0367757 0.000685337
           4   0.0347308   0.0362645 0.000704417
           5   0.0326892   0.0355494 0.000899462
           6   0.0326292   0.0350627 0.000881044
           7   0.0338248   0.0348859 0.000765331
           8   0.0355372   0.0349673 0.000667777
           9   0.0398308   0.0355077 0.000799282
          10   0.0386964   0.0358266  0.00078279
          11   0.0314616   0.0354297 0.000811672
          12    0.035708   0.0354529 0.000741314
          13   0.0347544   0.0353992 0.000684024
          14   0.0314324   0.0351159  0.00069378
          15   0.0365972   0.0352146  0.00065338
          16   0.0378324   0.0353782 0.000632702
          17   0.0297108   0.0350448 0.000681437
          18   0.0373824   0.0351747 0.000655459
          19   0.0375992   0.0353023 0.000632997
          20   0.0365716   0.0353658 0.000603858
          21   0.0358544    0.035389 0.000574855
          22    0.035144   0.0353779 0.000548216
          23   0.0381592   0.0354988 0.000537615
          24   0.0349876   0.0354775 0.000515167
          25    0.034904   0.0354546 0.000494663
          26    0.034448   0.0354159 0.000476832
          27   0.0387156   0.0355381 0.000474828
          28   0.0384108   0.0356407 0.000468918
          29   0.0311544    0.035486 0.000478175
          30   0.0400024   0.0356365 0.000485873
          31    0.033624   0.0355716 0.000474401
          32   0.0354952   0.0355692 0.000459343
          33   0.0370216   0.0356132 0.000447376
          34   0.0331488   0.0355408  0.00044003
          35    0.033572   0.0354845 0.000430959
          36   0.0361812   0.0355039 0.000419264
          37     0.03675   0.0355375 0.000409164
          38   0.0401608   0.0356592  0.00041642
          39    0.037002   0.0356936 0.000407061
          40    0.040008   0.0358015 0.000411154
          41   0.0341804    0.035762 0.000402945
          42    0.033642   0.0357115  0.00039646
          43   0.0365656   0.0357313 0.000387639
          44   0.0387836   0.0358007 0.000385028
          45   0.0362356   0.0358104 0.000376498
          46   0.0392668   0.0358855 0.000375811
          47   0.0400776   0.0359747 0.000378391
          48   0.0383312   0.0360238 0.000373663
          49    0.036084    0.036025 0.000365959
          50   0.0346816   0.0359982 0.000359571
          51   0.0373368   0.0360244 0.000353426
          52   0.0313328   0.0359342 0.000358114
          53   0.0353184   0.0359226 0.000351485
          54   0.0369992   0.0359425  0.00034549
          55   0.0402608    0.036021  0.00034812
          56   0.0400572   0.0360931 0.000349362
          57    0.036446   0.0360993 0.000343234
          58   0.0351084   0.0360822 0.000337697
          59    0.040976   0.0361651 0.000342131
          60    0.040324   0.0362345 0.000343447
          61   0.0369276   0.0362458 0.000337961
          62   0.0320072   0.0361775 0.000339422
          63   0.0353808   0.0361648  0.00033423
          64   0.0383876   0.0361995 0.000330795
          65   0.0334396   0.0361571 0.000328422
          66   0.0375692   0.0361785 0.000324115
          67     0.03381   0.0361431 0.000321192
          68   0.0365648   0.0361493 0.000316494
          69   0.0362496   0.0361508 0.000311877
          70   0.0356836   0.0361441 0.000307461
          71   0.0299756   0.0360572 0.000315306
          72    0.035766   0.0360532 0.000310922
          73    0.038032   0.0360803 0.000307829
          74   0.0378628   0.0361044 0.000304595
          75   0.0302628   0.0360265 0.000310436
          76   0.0368192   0.0360369 0.000306501
          77   0.0377664   0.0360594 0.000303327
          78   0.0308028    0.035992 0.000306904
          79   0.0321184    0.035943 0.000306936
          80   0.0401804   0.0359959 0.000307669
          81   0.0328856   0.0359575 0.000306263
          82   0.0326572   0.0359173 0.000305171
          83     0.03504   0.0359067 0.000301657
          84   0.0366252   0.0359153 0.000298167
          85   0.0310824   0.0358584 0.000300074
          86    0.037102   0.0358729 0.000296917
          87   0.0365812    0.035881 0.000293597
          88   0.0350804   0.0358719 0.000290384
          89    0.034804   0.0358599 0.000287353
          90   0.0334652   0.0358333 0.000285386
          91   0.0320704    0.035792 0.000285245
          92   0.0363712   0.0357982 0.000282198
          93   0.0312456   0.0357493 0.000283407
          94   0.0356816   0.0357486 0.000280377
          95   0.0355408   0.0357464 0.000277418
          96    0.039978   0.0357905  0.00027803
          97   0.0351376   0.0357837 0.000275231
          98   0.0356888   0.0357828  0.00027241
          99   0.0343768   0.0357686 0.000270018
         100   0.0345004   0.0357559 0.000267605
           1   0.0257216   0.0257216           0
           2   0.0287884    0.027255   0.0015334
           3   0.0281676   0.0275592 0.000936114
           4   0.0261916   0.0272173 0.000745017
           5   0.0236752   0.0265089 0.000913723
           6   0.0267956   0.0265567  0.00074758
           7   0.0257452   0.0264407 0.000642367
           8   0.0273496   0.0265543 0.000567788
           9   0.0293064   0.0268601 0.000586725
          10   0.0299752   0.0271716 0.000610273
          11   0.0229824   0.0267908 0.000670639
          12   0.0263056   0.0267504 0.000613541
          13   0.0253964   0.0266462 0.000573905
          14   0.0228544   0.0263754 0.000596382
          15   0.0276252   0.0264587 0.000561419
          16   0.0263204     0.02645  0.00052523
          17   0.0219268    0.026184 0.000560542
          18    0.028988   0.0263398 0.000550965
          19   0.0268488   0.0263665 0.000521849
          20   0.0276092   0.0264287 0.000498953
          21     0.02672   0.0264426 0.000474802
          22    0.026824   0.0264599 0.000453037
          23   0.0276104   0.0265099 0.000435773
          24   0.0270992   0.0265345 0.000417943
          25   0.0275816   0.0265764 0.000403059
          26   0.0260212    0.026555 0.000387834
          27   0.0298956   0.0266787 0.000393169
          28    0.030018    0.026798 0.000397194
          29   0.0248864   0.0267321  0.00038888
          30   0.0297116   0.0268314   0.0003886
          31   0.0255576   0.0267903 0.000378095
          32   0.0278228   0.0268226 0.000367508
          33   0.0278932    0.026855 0.000357672
          34   0.0266484   0.0268489 0.000347046
          35    0.026854   0.0268491 0.000336984
          36   0.0271104   0.0268563 0.000327571
          37   0.0263848   0.0268436 0.000318849
          38   0.0310672   0.0269547 0.000329648
          39    0.028192   0.0269865 0.000322648
          40   0.0317888   0.0271065 0.000336616
          41   0.0278348   0.0271243 0.000328784
          42   0.0252136   0.0270788 0.000324069
          43   0.0270724   0.0270786 0.000316443
          44   0.0299416   0.0271437  0.00031594
          45   0.0273912   0.0271492 0.000308888
          46   0.0282928   0.0271741  0.00030312
          47     0.03071   0.0272493 0.000305993
          48   0.0302068   0.0273109 0.000305822
          49   0.0271984   0.0273086 0.000299524
          50   0.0261876   0.0272862 0.000294328
          51   0.0260872   0.0272627 0.000289455
          52   0.0239648   0.0271993 0.000290833
          53   0.0262856    0.027182 0.000285813
          54   0.0287252   0.0272106 0.000281923
          55    0.031324   0.0272854 0.000286677
          56   0.0327644   0.0273832 0.000298029
          57    0.027962   0.0273934 0.000292929
          58   0.0257024   0.0273642 0.000289307
          59   0.0292336   0.0273959 0.000286121
          60   0.0288528   0.0274202 0.000282358
          61    0.028764   0.0274422 0.000278563
          62   0.0250884   0.0274043 0.000276651
          63   0.0274592   0.0274051 0.000272225
          64   0.0291792   0.0274329 0.000269368
          65   0.0247304   0.0273913 0.000268431
          66   0.0276412   0.0273951  0.00026436
          67   0.0263092   0.0273789 0.000260888
          68   0.0291232   0.0274045   0.0002583
          69   0.0282792   0.0274172 0.000254844
          70    0.025392   0.0273883 0.000252838
          71   0.0229712    0.027326 0.000256898
          72   0.0274984   0.0273284 0.000253316
          73   0.0282792   0.0273415 0.000250161
          74   0.0275088   0.0273437 0.000246768
          75   0.0236848   0.0272949 0.000248295
          76    0.027382   0.0272961 0.000245009
          77   0.0316688   0.0273529 0.000248385
          78   0.0239604   0.0273094 0.000249008
          79   0.0261892   0.0272952 0.000246244
          80   0.0293552   0.0273209 0.000244507
          81   0.0260764   0.0273056 0.000241957
          82    0.023358   0.0272574 0.000243789
          83    0.026946   0.0272537 0.000240863
          84   0.0256528   0.0272346  0.00023874
          85   0.0246564   0.0272043 0.000237857
          86   0.0290932   0.0272263 0.000236099
          87   0.0276004   0.0272306 0.000233409
          88   0.0257592   0.0272138 0.000231346
          89   0.0258544   0.0271986 0.000229241
          90   0.0237452   0.0271602 0.000229905
          91   0.0238736   0.0271241 0.000230215
          92   0.0276408   0.0271297 0.000227768
          93     0.02297    0.027085 0.000229702
          94   0.0250216    0.027063 0.000228303
          95    0.027112   0.0270635 0.000225888
          96     0.02799   0.0270732 0.000223731
          97    0.027808   0.0270808 0.000221542
          98   0.0259824   0.0270696 0.000219556
          99   0.0258252    0.027057  0.00021769
         100     0.02609   0.0270473 0.000215719
           1   0.0196952   0.0196952           0
           2   0.0228652   0.0212802    0.001585
           3    0.023684   0.0220815  0.00121632
           4   0.0202276    0.021618 0.000976995
           5   0.0201824   0.0213309 0.000809413
           6   0.0209656     0.02127 0.000663681
           7   0.0206032   0.0211747 0.000568944
           8   0.0218728    0.021262 0.000500387
           9   0.0230784   0.0214638  0.00048526
          10   0.0246436   0.0217818 0.000538045
          11   0.0180496   0.0214425 0.000593275
          12   0.0198496   0.0213098 0.000557614
          13   0.0212844   0.0213078 0.000512934
          14   0.0179068   0.0210649 0.000533414
          15   0.0209612    0.021058 0.000496629
          16   0.0205452   0.0210259 0.000465658
          17    0.018442   0.0208739 0.000463066
          18   0.0230868   0.0209969 0.000453561
          19   0.0197984   0.0209338 0.000433638
          20   0.0225596   0.0210151  0.00041934
          21   0.0201756   0.0209751  0.00040087
          22   0.0214504   0.0209967 0.000382825
          23   0.0215488   0.0210207 0.000366588
          24   0.0207128   0.0210079 0.000351216
          25    0.022388   0.0210631 0.000341368
          26   0.0201576   0.0210283  0.00032982
          27   0.0230456    0.021103 0.000326045
          28     0.02402   0.0212072 0.000331007
          29   0.0192924   0.0211411 0.000326143
          30   0.0241144   0.0212402 0.000330303
          31   0.0202548   0.0212085 0.000321048
          32   0.0207728   0.0211948 0.000311152
          33   0.0223664   0.0212303 0.000303658
          34   0.0201824   0.0211995 0.000296199
          35   0.0209764   0.0211931 0.000287683
          36        0.02     0.02116 0.000281535
          37   0.0207928   0.0211501    0.000274
          38   0.0249448   0.0212499 0.000284775
          39   0.0236768   0.0213122 0.000284272
          40   0.0243864    0.021389 0.000287535
          41   0.0213688   0.0213885 0.000280435
          42   0.0210372   0.0213802 0.000273805
          43   0.0204964   0.0213596  0.00026815
          44     0.02336   0.0214051   0.0002659
          45    0.021194   0.0214004 0.000259967
          46   0.0218244   0.0214096 0.000254419
          47   0.0256244   0.0214993 0.000264607
          48   0.0235348   0.0215417 0.000262484
          49   0.0219864   0.0215508 0.000257231
          50   0.0208796   0.0215373 0.000252391
          51   0.0212924   0.0215325 0.000247439
          52   0.0193064   0.0214897 0.000246382
          53    0.019104   0.0214447 0.000245845
          54   0.0229344   0.0214723 0.000242821
          55    0.024298   0.0215237 0.000243839
          56   0.0246708   0.0215799 0.000245952
          57   0.0203104   0.0215576 0.000242623
          58   0.0210176   0.0215483 0.000238585
          59   0.0245204   0.0215987 0.000239856
          60   0.0233396   0.0216277 0.000237603
          61   0.0231088    0.021652 0.000234933
          62   0.0189968   0.0216091 0.000235047
          63   0.0236532   0.0216416 0.000233551
          64   0.0233468   0.0216682 0.000231412
          65     0.02102   0.0216583 0.000228042
          66   0.0233516   0.0216839 0.000226021
          67     0.02012   0.0216606 0.000223842
          68   0.0232932   0.0216846 0.000221829
          69   0.0219112   0.0216879 0.000218615
          70   0.0209572   0.0216774 0.000215722
          71    0.017178   0.0216141 0.000221904
          72   0.0225084   0.0216265 0.000219152
          73   0.0232984   0.0216494 0.000217339
          74   0.0224096   0.0216596 0.000214628
          75   0.0173192   0.0216018 0.000219513
          76   0.0215704   0.0216014 0.000216606
          77   0.0238964   0.0216312 0.000215842
          78   0.0181852    0.021587 0.000217589
          79   0.0207016   0.0215758  0.00021511
          80    0.022894   0.0215923 0.000213042
          81   0.0210612   0.0215857 0.000210497
          82   0.0202412   0.0215693  0.00020856
          83     0.02082   0.0215603  0.00020623
          84    0.020928   0.0215528 0.000203899
          85   0.0193068   0.0215263 0.000203211
          86   0.0228812   0.0215421 0.000201451
          87    0.021708    0.021544 0.000199131
          88   0.0205592   0.0215328 0.000197173
          89   0.0213624   0.0215309 0.000194955
          90   0.0193576   0.0215067 0.000194283
          91   0.0199296   0.0214894 0.000192916
          92   0.0219504   0.0214944 0.000190873
          93   0.0188748   0.0214662 0.000190899
          94   0.0201708   0.0214525  0.00018936
          95   0.0216944    0.021455 0.000187373
          96   0.0216328   0.0214569  0.00018542
          97   0.0231192    0.021474 0.000184297
          98   0.0216328   0.0214756 0.000182414
          99    0.020524    0.021466 0.000180818
         100    0.022008   0.0214714 0.000179083
           1   0.0158432   0.0158432           0
           2   0.0192976   0.0175704   0.0017272
           3    0.019718   0.0182863  0.00122755
           4   0.0155724   0.0176078   0.0011017
           5   0.0164984   0.0173859  0.00088175
           6    0.016924   0.0173089  0.00072405
           7   0.0165984   0.0172074 0.000620295
           8   0.0187932   0.0174056 0.000572596
           9   0.0189904   0.0175817 0.000534802
          10   0.0204724   0.0178708   0.0005589
          11   0.0148708   0.0175981 0.000574417
          12   0.0172212   0.0175667 0.000525309
          13     0.01798   0.0175985 0.000484259
          14   0.0145084   0.0173777 0.000499722
          15   0.0163824   0.0173114 0.000469924
          16   0.0175776    0.017328 0.000439889
          17   0.0152212   0.0172041 0.000431389
          18   0.0181512   0.0172567 0.000410106
          19    0.016094   0.0171955 0.000392719
          20   0.0173324   0.0172024 0.000372629
          21   0.0168668   0.0171864 0.000354801
          22   0.0169464   0.0171755 0.000338465
          23   0.0182956   0.0172242 0.000327061
          24    0.017198   0.0172231 0.000313139
          25   0.0186716    0.017281  0.00030589
          26   0.0169228   0.0172672 0.000294212
          27   0.0189504   0.0173296 0.000289888
          28   0.0208136    0.017454 0.000305802
          29   0.0145908   0.0173553 0.000311149
          30   0.0188692   0.0174057 0.000304805
          31   0.0167516   0.0173846 0.000295563
          32   0.0170216   0.0173733 0.000286402
          33   0.0183356   0.0174025 0.000279115
          34   0.0170736   0.0173928 0.000270954
          35   0.0178324   0.0174053 0.000263399
          36   0.0177136   0.0174139 0.000256121
          37    0.017572   0.0174182 0.000249139
          38   0.0207576   0.0175061 0.000257927
          39   0.0199144   0.0175678 0.000258704
          40   0.0209324   0.0176519 0.000265813
          41   0.0168328    0.017632 0.000260018
          42     0.01686   0.0176136 0.000254416
          43    0.017264   0.0176054 0.000248562
          44   0.0184624   0.0176249 0.000243627
          45   0.0181608   0.0176368 0.000238449
          46   0.0187816   0.0176617 0.000234532
          47   0.0199336   0.0177101 0.000234523
          48   0.0206148   0.0177706 0.000237427
          49   0.0187672   0.0177909 0.000233419
          50   0.0179728   0.0177945 0.000228732
          51   0.0170704   0.0177803 0.000224651
          52   0.0164672   0.0177551 0.000221731
          53    0.016102   0.0177239 0.000219732
          54   0.0193356   0.0177537 0.000217681
          55   0.0195728   0.0177868 0.000216231
          56   0.0211736   0.0178473 0.000220779
          57   0.0163636   0.0178213 0.000218428
          58   0.0179976   0.0178243  0.00021465
          59   0.0196232   0.0178548 0.000213172
          60   0.0196108   0.0178841 0.000211623
          61   0.0180628    0.017887 0.000208145
          62    0.015572   0.0178497 0.000208137
          63   0.0191564   0.0178704 0.000205854
          64   0.0202832   0.0179081  0.00020609
          65   0.0177344   0.0179054 0.000202912
          66    0.019566   0.0179306 0.000201392
          67    0.017028   0.0179171  0.00019882
          68   0.0187892   0.0179299 0.000196294
          69   0.0185192   0.0179385 0.000193617
          70   0.0174384   0.0179313 0.000190964
          71     0.01335   0.0178668 0.000199007
          72   0.0183412   0.0178734 0.000196334
          73   0.0181888   0.0178777 0.000193674
          74   0.0172648   0.0178694 0.000191218
          75   0.0138172   0.0178154 0.000196236
          76   0.0190108   0.0178311 0.000194275
          77    0.019824    0.017857 0.000193474
          78     0.01436   0.0178122 0.000196169
          79   0.0174776   0.0178079 0.000193717
          80   0.0190836   0.0178239 0.000191943
          81   0.0172896   0.0178173 0.000189674
          82   0.0168304   0.0178053 0.000187732
          83   0.0152116    0.017774 0.000188071
          84   0.0163444    0.017757 0.000186596
          85   0.0157584   0.0177335 0.000185881
          86   0.0196184   0.0177554  0.00018501
          87   0.0174744   0.0177522 0.000182899
          88   0.0177088   0.0177517  0.00018081
          89   0.0174204    0.017748 0.000178805
          90    0.016122   0.0177299 0.000177728
          91   0.0176428   0.0177289 0.000175767
          92   0.0171164   0.0177223 0.000173973
          93   0.0156828   0.0177003 0.000173484
          94   0.0159148   0.0176813 0.000172677
          95   0.0173624    0.017678 0.000170882
          96   0.0179412   0.0176807 0.000169115
          97   0.0180228   0.0176843   0.0001674
          98   0.0171048   0.0176783 0.000165788
          99    0.016844   0.0176699 0.000164321
         100   0.0187304   0.0176805 0.000163015
           1   0.0129836   0.0129836           0
           2   0.0171108   0.0150472   0.0020636
           3   0.0174048   0.0158331  0.00142726
           4   0.0139736   0.0153682  0.00111114
           5   0.0144756   0.0151897 0.000879005
           6   0.0151588   0.0151845 0.000717723
           7   0.0130376   0.0148778 0.000679717
           8   0.0157436   0.0149861 0.000598518
           9   0.0159608   0.0150944  0.00053884
          10     0.01736   0.0153209 0.000532551
          11   0.0126868   0.0150815 0.000537948
          12   0.0139096   0.0149838 0.000500693
          13   0.0155356   0.0150262 0.000462522
          14   0.0122256   0.0148262 0.000472636
          15   0.0141916   0.0147839 0.000442029
          16   0.0149884   0.0147967 0.000413678
          17   0.0126052   0.0146678 0.000409407
          18   0.0156448    0.014722 0.000389791
          19    0.014108   0.0146897 0.000370119
          20   0.0143664   0.0146736 0.000351497
          21   0.0148556   0.0146822 0.000334453
          22   0.0137664   0.0146406 0.000321594
          23    0.016126   0.0147052 0.000314007
          24   0.0150744   0.0147206 0.000301032
          25   0.0159444   0.0147695  0.00029286
          26   0.0137652   0.0147309  0.00028401
          27    0.016092   0.0147813   0.0002779
          28   0.0166548   0.0148482 0.000276023
          29   0.0117576   0.0147416 0.000286866
          30   0.0161448   0.0147884 0.000281058
          31   0.0139672   0.0147619 0.000273128
          32   0.0139536   0.0147367 0.000265659
          33   0.0153276   0.0147546 0.000258105
          34     0.01371   0.0147238 0.000252276
          35   0.0150568   0.0147334 0.000245147
          36   0.0155668   0.0147565 0.000239362
          37   0.0148988   0.0147604 0.000232835
          38    0.017594   0.0148349 0.000238578
          39   0.0167272   0.0148834 0.000237391
          40   0.0175844    0.014951 0.000241032
          41    0.014564   0.0149415 0.000235269
          42   0.0133768   0.0149043 0.000232602
          43   0.0146444   0.0148982 0.000227209
          44   0.0158332   0.0149195    0.000223
          45     0.01559   0.0149344 0.000218496
          46   0.0167996   0.0149749 0.000217507
          47    0.016874   0.0150153  0.00021663
          48    0.017606   0.0150693 0.000218829
          49   0.0164544   0.0150976 0.000216173
          50   0.0159948   0.0151155 0.000212564
          51   0.0146804    0.015107 0.000208529
          52   0.0137452   0.0150808  0.00020615
          53    0.013756   0.0150558 0.000203762
          54   0.0162816   0.0150785 0.000201237
          55   0.0169908   0.0151133 0.000200581
          56   0.0177224   0.0151599 0.000202402
          57   0.0137976    0.015136 0.000200251
          58     0.01525   0.0151379 0.000196778
          59    0.016388   0.0151591 0.000194571
          60   0.0161488   0.0151756  0.00019201
          61   0.0149424   0.0151718 0.000188875
          62    0.012604   0.0151304 0.000190364
          63   0.0164072   0.0151506 0.000188411
          64    0.016676   0.0151745 0.000186969
          65   0.0150312   0.0151723 0.000184083
          66     0.01731   0.0152047 0.000184143
          67   0.0137892   0.0151835   0.0001826
          68   0.0154768   0.0151878 0.000179947
          69   0.0152924   0.0151894 0.000177326
          70   0.0151584   0.0151889 0.000174775
          71   0.0108988   0.0151285 0.000182584
          72     0.01602   0.0151409 0.000180456
          73    0.015284   0.0151428 0.000177977
          74   0.0145212   0.0151344 0.000175757
          75   0.0116128   0.0150875 0.000179643
          76   0.0156688   0.0150951 0.000177428
          77   0.0168764   0.0151183  0.00017663
          78   0.0125072   0.0150848 0.000177535
          79    0.015092   0.0150849 0.000175274
          80   0.0165144   0.0151028 0.000173989
          81    0.014152    0.015091 0.000172228
          82    0.014948   0.0150893 0.000170124
          83   0.0124068   0.0150569 0.000171141
          84   0.0138548   0.0150426 0.000169696
          85   0.0137384   0.0150273 0.000168388
          86   0.0160112   0.0150387 0.000166811
          87   0.0152904   0.0150416 0.000164908
          88   0.0150796   0.0150421 0.000163024
          89   0.0147128   0.0150384 0.000161224
          90     0.01324   0.0150184  0.00016067
          91   0.0147568   0.0150155 0.000158921
          92   0.0144464   0.0150093 0.000157305
          93   0.0134224   0.0149923 0.000156538
          94   0.0138616   0.0149802  0.00015533
          95   0.0149632     0.01498 0.000153686
          96   0.0148948   0.0149792 0.000152079
          97    0.015214   0.0149816 0.000150523
          98   0.0143928   0.0149756   0.0001491
          99   0.0142228    0.014968 0.000147782
         100   0.0157244   0.0149755 0.000146492
           1   0.0113152   0.0113152           0
           2   0.0153164   0.0133158   0.0020006
           3   0.0146004    0.013744  0.00123186
           4   0.0114236   0.0131639  0.00104655
           5   0.0123596    0.013003 0.000826458
           6   0.0127836   0.0129665  0.00067579
           7    0.010296    0.012585 0.000686839
           8   0.0129816   0.0126345 0.000596882
           9   0.0143336   0.0128233 0.000559229
          10   0.0147268   0.0130137 0.000535184
          11   0.0116384   0.0128887 0.000499976
          12    0.011726   0.0127918 0.000466584
          13   0.0134228   0.0128403 0.000431931
          14   0.0106472   0.0126837 0.000429479
          15     0.01234   0.0126607 0.000400479
          16   0.0131944   0.0126941 0.000376095
          17   0.0110356   0.0125965 0.000366503
          18   0.0133736   0.0126397 0.000348229
          19   0.0121368   0.0126132 0.000330453
          20   0.0123232   0.0125987 0.000313831
          21   0.0136696   0.0126497 0.000302837
          22   0.0111096   0.0125797 0.000297109
          23   0.0144664   0.0126618  0.00029551
          24    0.013306   0.0126886   0.0002842
          25    0.013464   0.0127196 0.000274354
          26   0.0122008   0.0126997 0.000264345
          27   0.0139344   0.0127454 0.000258444
          28   0.0144112   0.0128049 0.000256051
          29    0.010084   0.0127111 0.000264279
          30   0.0137772   0.0127466 0.000257779
          31   0.0117896   0.0127157 0.000251229
          32    0.011718   0.0126845 0.000245241
          33   0.0128796   0.0126905 0.000237767
          34   0.0121608   0.0126749 0.000231194
          35   0.0129268   0.0126821 0.000224606
          36   0.0129596   0.0126898 0.000218414
          37    0.012738   0.0126911 0.000212433
          38   0.0146436   0.0127425 0.000213056
          39   0.0144276   0.0127857 0.000211971
          40   0.0152624   0.0128476 0.000215683
          41   0.0116368   0.0128181 0.000212419
          42   0.0117792   0.0127933 0.000208771
          43   0.0128524   0.0127947 0.000203862
          44    0.013576   0.0128125 0.000199965
          45   0.0135908   0.0128298 0.000196235
          46   0.0143776   0.0128634 0.000194849
          47   0.0148284   0.0129052 0.000195188
          48   0.0152032   0.0129531 0.000196985
          49   0.0139244   0.0129729 0.000193938
          50   0.0132904   0.0129793 0.000190126
          51   0.0128648    0.012977 0.000186374
          52   0.0115828   0.0129502 0.000184711
          53    0.012366   0.0129392 0.000181528
          54   0.0139108   0.0129572 0.000179041
          55   0.0146452   0.0129879 0.000178415
          56    0.015652   0.0130354 0.000181544
          57   0.0121896   0.0130206 0.000178947
          58   0.0137768   0.0130336 0.000176317
          59   0.0144696    0.013058 0.000175004
          60   0.0143744   0.0130799 0.000173456
          61   0.0125048   0.0130705 0.000170849
          62   0.0104088   0.0130276 0.000173467
          63   0.0144184   0.0130496 0.000172113
          64   0.0145164   0.0130726 0.000170946
          65   0.0126024   0.0130653  0.00016845
          66   0.0151792   0.0130974 0.000168942
          67   0.0123952   0.0130869 0.000166731
          68   0.0135488   0.0130937 0.000164402
          69   0.0123696   0.0130832 0.000162341
          70   0.0133144   0.0130865 0.000160039
          71   0.0105604   0.0130509 0.000161731
          72   0.0140124   0.0130643 0.000160027
          73   0.0130852   0.0130645  0.00015782
          74   0.0123372   0.0130547 0.000155982
          75   0.0098148   0.0130115 0.000159837
          76     0.01334   0.0130158 0.000157779
          77    0.014476   0.0130348 0.000156867
          78   0.0106936   0.0130048 0.000157725
          79     0.01345   0.0130104 0.000155818
          80   0.0145604   0.0130298 0.000155073
          81   0.0128544   0.0130276 0.000153162
          82   0.0133212   0.0130312 0.000151325
          83   0.0117084   0.0130153 0.000150337
          84    0.012218   0.0130058  0.00014884
          85   0.0117488    0.012991  0.00014782
          86   0.0146404   0.0130102 0.000147345
          87   0.0132584    0.013013 0.000145669
          88   0.0132224   0.0130154 0.000144024
          89    0.013316   0.0130188 0.000142436
          90   0.0112676   0.0129993 0.000142183
          91   0.0128528   0.0129977 0.000140621
          92    0.012032   0.0129872 0.000139479
          93   0.0109948   0.0129658 0.000139625
          94   0.0126976   0.0129629 0.000138161
          95   0.0130284   0.0129636 0.000136701
          96   0.0134488   0.0129687 0.000135364
          97   0.0138128   0.0129774 0.000134243
          98   0.0131136   0.0129788 0.000132873
          99   0.0117424   0.0129663 0.000132116
         100   0.0135744   0.0129724  0.00013093
