1 -0.966219 -0.966219 0
2 -0.974478 -0.970348 0.0041292
3 -0.972439 -0.971045 0.00248378
4 -0.973928 -0.971766 0.0018984
5 -0.974921 -0.972397 0.00160015
6 -0.97137 -0.972226 0.00131769
7 -0.973214 -0.972367 0.00112257
8 -0.978168 -0.973092 0.00121282
9 -0.970985 -0.972858 0.00109493
10 -0.974394 -0.973012 0.000991319
11 -0.977922 -0.973458 0.00100167
12 -0.976548 -0.973716 0.00094996
13 -0.971986 -0.973583 0.000883901
14 -0.972922 -0.973535 0.000819691
15 -0.974166 -0.973577 0.000764246
16 -0.974077 -0.973609 0.000715568
17 -0.974118 -0.973639 0.000672826
18 -0.975215 -0.973726 0.000640365
19 -0.97709 -0.973903 0.000631063
20 -0.976166 -0.974016 0.00060928
21 -0.972935 -0.973965 0.000581823
22 -0.970972 -0.973829 0.000571183
23 -0.974354 -0.973852 0.000546261
24 -0.974937 -0.973897 0.000524956
25 -0.975794 -0.973973 0.000509209
26 -0.976063 -0.974053 0.000495795
27 -0.97265 -0.974001 0.000479899
28 -0.976925 -0.974106 0.000474084
29 -0.975466 -0.974153 0.000459844
30 -0.977261 -0.974256 0.000456174
31 -0.974602 -0.974267 0.000441354
32 -0.975422 -0.974303 0.000428859
33 -0.976207 -0.974361 0.000419645
34 -0.974955 -0.974379 0.00040749
35 -0.970954 -0.974281 0.000407597
36 -0.975259 -0.974308 0.000397045
37 -0.976898 -0.974378 0.00039246
38 -0.974681 -0.974386 0.000382076
39 -0.975625 -0.974418 0.000373504
40 -0.971355 -0.974341 0.00037201
41 -0.972048 -0.974285 0.000367108
42 -0.972197 -0.974235 0.000361695
43 -0.974853 -0.97425 0.000353475
44 -0.97789 -0.974332 0.000355122
45 -0.976076 -0.974371 0.000349296
46 -0.974842 -0.974381 0.000341772
47 -0.97059 -0.974301 0.000344011
48 -0.976622 -0.974349 0.000340221
49 -0.97411 -0.974344 0.000333241
50 -0.975606 -0.97437 0.000327482
51 -0.974935 -0.974381 0.000321189
52 -0.976718 -0.974426 0.000318144
53 -0.97277 -0.974394 0.000313643
54 -0.974294 -0.974392 0.000307786
55 -0.974568 -0.974396 0.000302155
56 -0.976211 -0.974428 0.000298476
57 -0.97657 -0.974466 0.000295591
58 -0.974644 -0.974469 0.000290466
59 -0.976029 -0.974495 0.000286722
60 -0.976402 -0.974527 0.000283689
61 -0.97645 -0.974558 0.000280776
62 -0.970108 -0.974487 0.000285385
63 -0.97705 -0.974527 0.000283752
64 -0.973767 -0.974516 0.000279536
65 -0.971641 -0.974471 0.000278733
66 -0.977408 -0.974516 0.00027806
67 -0.974603 -0.974517 0.000273882
68 -0.976297 -0.974543 0.00027109
69 -0.97398 -0.974535 0.000267257
70 -0.972882 -0.974511 0.000264468
71 -0.975699 -0.974528 0.000261252
72 -0.973884 -0.974519 0.000257753
73 -0.974278 -0.974516 0.000254219
74 -0.972126 -0.974484 0.000252833
75 -0.973677 -0.974473 0.000249671
76 -0.971124 -0.974429 0.000250273
77 -0.974068 -0.974424 0.000247046
78 -0.975146 -0.974433 0.000244034
79 -0.973598 -0.974423 0.000241157
80 -0.972317 -0.974397 0.000239574
81 -0.977499 -0.974435 0.000239679
82 -0.97705 -0.974467 0.000238876
83 -0.974662 -0.974469 0.000235992
84 -0.977499 -0.974505 0.00023594
85 -0.97395 -0.974499 0.000233239
86 -0.973747 -0.97449 0.000230676
87 -0.973167 -0.974475 0.000228516
88 -0.97253 -0.974453 0.000226983
89 -0.97082 -0.974412 0.000228099
90 -0.976428 -0.974434 0.000226661
91 -0.972403 -0.974412 0.000225264
92 -0.97395 -0.974407 0.000222859
93 -0.972829 -0.97439 0.000221101
94 -0.972452 -0.974369 0.000219706
95 -0.973845 -0.974364 0.000217451
96 -0.975916 -0.97438 0.000215781
97 -0.975554 -0.974392 0.000213887
98 -0.971622 -0.974364 0.000213573
99 -0.972296 -0.974343 0.000212433
100 -0.975483 -0.974354 0.000210607
1 -0.870162 -0.870162 0
2 -0.871039 -0.870601 0.0004384
3 -0.868406 -0.869869 0.000774273
4 -0.872153 -0.87044 0.000791021
5 -0.869117 -0.870175 0.00066743
6 -0.868699 -0.869929 0.000597917
7 -0.86991 -0.869927 0.000505339
8 -0.87049 -0.869997 0.000443274
9 -0.868338 -0.869813 0.000432196
10 -0.871355 -0.869967 0.000416203
11 -0.868988 -0.869878 0.000386848
12 -0.87159 -0.870021 0.000380883
13 -0.871714 -0.870151 0.000373778
14 -0.870261 -0.870159 0.00034614
15 -0.870474 -0.87018 0.000322922
16 -0.87059 -0.870205 0.00030315
17 -0.869806 -0.870182 0.000285729
18 -0.873822 -0.870384 0.000336861
19 -0.870868 -0.87041 0.000319655
20 -0.871482 -0.870463 0.000307959
21 -0.868854 -0.870387 0.000302789
22 -0.870809 -0.870406 0.000289335
23 -0.868642 -0.870329 0.000286913
24 -0.870982 -0.870356 0.000276043
25 -0.870227 -0.870351 0.000264822
26 -0.870768 -0.870367 0.000254937
27 -0.870753 -0.870381 0.000245729
28 -0.87176 -0.870431 0.000241855
29 -0.872118 -0.870489 0.000240513
30 -0.870829 -0.8705 0.000232634
31 -0.871427 -0.87053 0.000226983
32 -0.872182 -0.870582 0.000225759
33 -0.872877 -0.870651 0.000229597
34 -0.870492 -0.870647 0.000222792
35 -0.870924 -0.870655 0.000216478
36 -0.870068 -0.870638 0.000211008
37 -0.870316 -0.87063 0.000205411
38 -0.868475 -0.870573 0.000207815
39 -0.872033 -0.87061 0.000205849
40 -0.871319 -0.870628 0.000201418
41 -0.869686 -0.870605 0.000197782
42 -0.870617 -0.870605 0.000193015
43 -0.870558 -0.870604 0.000188476
44 -0.87162 -0.870627 0.000185584
45 -0.869995 -0.870613 0.000181956
46 -0.868589 -0.870569 0.000183318
47 -0.871954 -0.870599 0.000181777
48 -0.869705 -0.87058 0.000178922
49 -0.871315 -0.870595 0.000175873
50 -0.869625 -0.870576 0.000173409
51 -0.869239 -0.870549 0.000171983
52 -0.870634 -0.870551 0.000168651
53 -0.872009 -0.870579 0.000167709
54 -0.870539 -0.870578 0.000164576
55 -0.869499 -0.870558 0.000162742
56 -0.871066 -0.870567 0.000160067
57 -0.872173 -0.870596 0.000159736
58 -0.867967 -0.87055 0.000163369
59 -0.87129 -0.870563 0.000161064
60 -0.86867 -0.870531 0.000161467
61 -0.870451 -0.87053 0.000158804
62 -0.868902 -0.870504 0.000158411
63 -0.870558 -0.870504 0.000155879
64 -0.868277 -0.87047 0.000157323
65 -0.869082 -0.870448 0.000156347
66 -0.870078 -0.870443 0.000154062
67 -0.871137 -0.870453 0.000152098
68 -0.870966 -0.870461 0.000150034
69 -0.869898 -0.870452 0.000148069
70 -0.870805 -0.870457 0.000146025
71 -0.869621 -0.870446 0.000144435
72 -0.86969 -0.870435 0.000142802
73 -0.869585 -0.870424 0.000141313
74 -0.87146 -0.870438 0.000140092
75 -0.870469 -0.870438 0.000138212
76 -0.870827 -0.870443 0.000136478
77 -0.872286 -0.870467 0.000136803
78 -0.870961 -0.870473 0.000135186
79 -0.868742 -0.870451 0.00013525
80 -0.873447 -0.870489 0.000138699
81 -0.871218 -0.870498 0.000137272
82 -0.869524 -0.870486 0.000136107
83 -0.871141 -0.870494 0.000134688
84 -0.871656 -0.870508 0.000133792
85 -0.871671 -0.870521 0.000132916
86 -0.872134 -0.87054 0.000132692
87 -0.869566 -0.870529 0.000131635
88 -0.874182 -0.87057 0.000136593
89 -0.870922 -0.870574 0.000135107
90 -0.871252 -0.870582 0.00013381
91 -0.868628 -0.870561 0.000134062
92 -0.871701 -0.870573 0.000133175
93 -0.868887 -0.870555 0.000132976
94 -0.87044 -0.870554 0.000131559
95 -0.869038 -0.870538 0.000131141
96 -0.86961 -0.870528 0.000130127
97 -0.873602 -0.87056 0.00013262
98 -0.869146 -0.870545 0.00013205
99 -0.872061 -0.870561 0.000131603
100 -0.872018 -0.870575 0.000131093
1 -0.761771 -0.761771 0
2 -0.760834 -0.761302 0.0004688
3 -0.762798 -0.761801 0.000567151
4 -0.761246 -0.761662 0.000424311
5 -0.762043 -0.761738 0.000337388
6 -0.761705 -0.761733 0.000275533
7 -0.762226 -0.761803 0.000243277
8 -0.761845 -0.761808 0.000210748
9 -0.761142 -0.761734 0.000200085
10 -0.761037 -0.761665 0.000192074
11 -0.761216 -0.761624 0.000178459
12 -0.762194 -0.761671 0.000169689
13 -0.761633 -0.761668 0.000156119
14 -0.76059 -0.761591 0.000163766
15 -0.76095 -0.761549 0.000158332
16 -0.762106 -0.761583 0.000152154
17 -0.762502 -0.761638 0.000152805
18 -0.762075 -0.761662 0.000146103
19 -0.763358 -0.761751 0.000164538
20 -0.761335 -0.76173 0.000157473
21 -0.760853 -0.761689 0.000155506
22 -0.759962 -0.76161 0.00016775
23 -0.761427 -0.761602 0.000160487
24 -0.760266 -0.761546 0.000163424
25 -0.76214 -0.76157 0.000158538
26 -0.760535 -0.76153 0.000157435
27 -0.761671 -0.761536 0.000151581
28 -0.761973 -0.761551 0.000146899
29 -0.762851 -0.761596 0.000148663
30 -0.762471 -0.761625 0.000146555
31 -0.761816 -0.761631 0.000141882
32 -0.762797 -0.761668 0.000142122
33 -0.763333 -0.761718 0.000146697
34 -0.760619 -0.761686 0.000145942
35 -0.762586 -0.761712 0.000144028
36 -0.760032 -0.761665 0.000147541
37 -0.761537 -0.761662 0.00014354
38 -0.761762 -0.761664 0.000139736
39 -0.763236 -0.761704 0.000141948
40 -0.761158 -0.761691 0.000139028
41 -0.761357 -0.761683 0.000135839
42 -0.760908 -0.761664 0.000133842
43 -0.761985 -0.761672 0.000130905
44 -0.761315 -0.761664 0.000128152
45 -0.760693 -0.761642 0.000127115
46 -0.761561 -0.76164 0.000124334
47 -0.761861 -0.761645 0.00012175
48 -0.760812 -0.761628 0.000120443
49 -0.762988 -0.761655 0.000121183
50 -0.761493 -0.761652 0.000118779
51 -0.762047 -0.76166 0.000116684
52 -0.761603 -0.761659 0.000114424
53 -0.761848 -0.761662 0.000112301
54 -0.760986 -0.76165 0.00011091
55 -0.762237 -0.76166 0.000109397
56 -0.761335 -0.761655 0.000107582
57 -0.762705 -0.761673 0.000107272
58 -0.761872 -0.761677 0.000105462
59 -0.761746 -0.761678 0.000103666
60 -0.76229 -0.761688 0.000102432
61 -0.760834 -0.761674 0.000101706
62 -0.760471 -0.761654 0.000101915
63 -0.761745 -0.761656 0.000100295
64 -0.761835 -0.761659 9.87549e-05
65 -0.761305 -0.761653 9.73761e-05
66 -0.759792 -0.761625 9.99504e-05
67 -0.762638 -0.76164 9.96023e-05
68 -0.763048 -0.761661 0.000100287
69 -0.761198 -0.761654 9.90497e-05
70 -0.76102 -0.761645 9.8044e-05
71 -0.761086 -0.761637 9.6974e-05
72 -0.761504 -0.761635 9.56355e-05
73 -0.761352 -0.761632 9.43962e-05
74 -0.761574 -0.761631 9.31152e-05
75 -0.761751 -0.761632 9.18793e-05
76 -0.762331 -0.761642 9.11274e-05
77 -0.761438 -0.761639 8.99748e-05
78 -0.76195 -0.761643 8.89036e-05
79 -0.761062 -0.761636 8.8078e-05
80 -0.761751 -0.761637 8.69821e-05
81 -0.763562 -0.761661 8.91297e-05
82 -0.759655 -0.761636 9.13704e-05
83 -0.760873 -0.761627 9.07304e-05
84 -0.761865 -0.76163 8.96884e-05
85 -0.761671 -0.76163 8.86283e-05
86 -0.760476 -0.761617 8.86143e-05
87 -0.761614 -0.761617 8.75898e-05
88 -0.762722 -0.76163 8.74952e-05
89 -0.761375 -0.761627 8.65537e-05
90 -0.761427 -0.761624 8.56153e-05
91 -0.761309 -0.761621 8.47402e-05
92 -0.762394 -0.761629 8.42346e-05
93 -0.76137 -0.761627 8.33708e-05
94 -0.760419 -0.761614 8.34733e-05
95 -0.762575 -0.761624 8.32077e-05
96 -0.762766 -0.761636 8.31909e-05
97 -0.762232 -0.761642 8.25579e-05
98 -0.761095 -0.761636 8.19014e-05
99 -0.762261 -0.761643 8.13149e-05
100 -0.760684 -0.761633 8.10664e-05
1 -0.666117 -0.666117 0
2 -0.664185 -0.665151 0.000966
3 -0.664398 -0.6649 0.000611517
4 -0.665529 -0.665057 0.000460096
5 -0.664336 -0.664913 0.000384471
6 -0.664675 -0.664873 0.000316411
7 -0.662775 -0.664574 0.000401686
8 -0.664583 -0.664575 0.000347872
9 -0.663373 -0.664441 0.000334604
10 -0.664378 -0.664435 0.000299345
11 -0.664562 -0.664446 0.000271012
12 -0.665116 -0.664502 0.000253613
13 -0.66371 -0.664441 0.000241111
14 -0.663054 -0.664342 0.000244221
15 -0.662926 -0.664248 0.000246173
16 -0.664514 -0.664265 0.000230876
17 -0.664433 -0.664274 0.000217096
18 -0.663725 -0.664244 0.000206945
19 -0.663777 -0.664219 0.000197288
20 -0.664632 -0.66424 0.000188298
21 -0.66296 -0.664179 0.000189194
22 -0.663283 -0.664138 0.000184928
23 -0.66307 -0.664092 0.000182703
24 -0.663837 -0.664081 0.000175247
25 -0.66324 -0.664048 0.000171426
26 -0.663202 -0.664015 0.000167884
27 -0.664766 -0.664043 0.000163921
28 -0.664138 -0.664046 0.000157995
29 -0.663107 -0.664014 0.000155851
30 -0.664356 -0.664025 0.000150997
31 -0.662988 -0.663992 0.000149829
32 -0.66503 -0.664024 0.000148652
33 -0.664037 -0.664025 0.000144078
34 -0.663446 -0.664008 0.000140807
35 -0.664852 -0.664032 0.000138837
36 -0.664294 -0.664039 0.000135121
37 -0.66425 -0.664045 0.000131542
38 -0.663871 -0.66404 0.000128115
39 -0.66398 -0.664039 0.000124797
40 -0.663618 -0.664028 0.000122091
41 -0.663144 -0.664007 0.000121013
42 -0.664172 -0.66401 0.000118162
43 -0.663974 -0.66401 0.000115385
44 -0.663929 -0.664008 0.000112747
45 -0.663275 -0.663992 0.000111409
46 -0.663956 -0.663991 0.000108963
47 -0.664021 -0.663991 0.000106621
48 -0.664437 -0.664001 0.000104788
49 -0.664531 -0.664011 0.000103197
50 -0.663485 -0.664001 0.000101659
51 -0.664378 -0.664008 9.992e-05
52 -0.664522 -0.664018 9.84755e-05
53 -0.664725 -0.664032 9.75152e-05
54 -0.664593 -0.664042 9.62552e-05
55 -0.663591 -0.664034 9.48436e-05
56 -0.66365 -0.664027 9.33868e-05
57 -0.664516 -0.664035 9.21343e-05
58 -0.664919 -0.664051 9.18051e-05
59 -0.664315 -0.664055 9.0347e-05
60 -0.664582 -0.664064 8.9262e-05
61 -0.664576 -0.664072 8.81868e-05
62 -0.664061 -0.664072 8.6753e-05
63 -0.66381 -0.664068 8.54666e-05
64 -0.663918 -0.664066 8.41534e-05
65 -0.66507 -0.664081 8.42782e-05
66 -0.663255 -0.664069 8.39296e-05
67 -0.664833 -0.66408 8.34506e-05
68 -0.664571 -0.664087 8.25309e-05
69 -0.662911 -0.66407 8.30929e-05
70 -0.663311 -0.664059 8.26119e-05
71 -0.663442 -0.664051 8.19035e-05
72 -0.665105 -0.664065 8.20743e-05
73 -0.66417 -0.664067 8.09548e-05
74 -0.663901 -0.664064 7.98848e-05
75 -0.66427 -0.664067 7.88599e-05
76 -0.666098 -0.664094 8.22771e-05
77 -0.664232 -0.664096 8.12213e-05
78 -0.663354 -0.664086 8.07347e-05
79 -0.66378 -0.664082 7.98004e-05
80 -0.663379 -0.664074 7.92852e-05
81 -0.664754 -0.664082 7.87501e-05
82 -0.663546 -0.664075 7.80584e-05
83 -0.663726 -0.664071 7.72273e-05
84 -0.665206 -0.664085 7.74882e-05
85 -0.663698 -0.66408 7.6706e-05
86 -0.6635 -0.664073 7.61084e-05
87 -0.664487 -0.664078 7.53787e-05
88 -0.663763 -0.664075 7.46031e-05
89 -0.664406 -0.664078 7.38538e-05
90 -0.664048 -0.664078 7.30293e-05
91 -0.663301 -0.664069 7.27256e-05
92 -0.663579 -0.664064 7.21278e-05
93 -0.664429 -0.664068 7.14557e-05
94 -0.664007 -0.664067 7.06944e-05
95 -0.664634 -0.664073 7.01998e-05
96 -0.66451 -0.664078 6.96132e-05
97 -0.664446 -0.664082 6.89965e-05
98 -0.664658 -0.664088 6.85419e-05
99 -0.665167 -0.664098 6.87169e-05
100 -0.662874 -0.664086 6.91188e-05
1 -0.583165 -0.583165 0
2 -0.58257 -0.582868 0.0002972
3 -0.582047 -0.582594 0.000322841
4 -0.582388 -0.582543 0.000234028
5 -0.583681 -0.58277 0.000291001
6 -0.582834 -0.582781 0.000237836
7 -0.58191 -0.582656 0.000236418
8 -0.582779 -0.582672 0.00020532
9 -0.582757 -0.582681 0.000181322
10 -0.583642 -0.582777 0.000188526
11 -0.583273 -0.582822 0.000176377
12 -0.583022 -0.582839 0.000161871
13 -0.583215 -0.582868 0.000151685
14 -0.582102 -0.582813 0.000150704
15 -0.581955 -0.582756 0.000151511
16 -0.582524 -0.582742 0.000142466
17 -0.582698 -0.582739 0.000133848
18 -0.582714 -0.582738 0.0001262
19 -0.583277 -0.582766 0.0001227
20 -0.583502 -0.582803 0.000122087
21 -0.582629 -0.582795 0.000116424
22 -0.582697 -0.58279 0.000111094
23 -0.583008 -0.5828 0.000106576
24 -0.582968 -0.582807 0.00010228
25 -0.582025 -0.582775 0.000102967
26 -0.581725 -0.582735 0.000106861
27 -0.583628 -0.582768 0.000108016
28 -0.582146 -0.582746 0.000106434
29 -0.582724 -0.582745 0.000102701
30 -0.583334 -0.582765 0.000101145
31 -0.583119 -0.582776 9.8494e-05
32 -0.582286 -0.582761 9.65904e-05
33 -0.582922 -0.582766 9.37457e-05
34 -0.581753 -0.582736 9.57015e-05
35 -0.582241 -0.582722 9.39973e-05
36 -0.582675 -0.58272 9.13581e-05
37 -0.582186 -0.582706 9.00228e-05
38 -0.582522 -0.582701 8.77549e-05
39 -0.584058 -0.582736 9.22882e-05
40 -0.58303 -0.582743 9.02521e-05
41 -0.582896 -0.582747 8.81021e-05
42 -0.582582 -0.582743 8.60681e-05
43 -0.58253 -0.582738 8.41882e-05
44 -0.582356 -0.582729 8.27099e-05
45 -0.582762 -0.58273 8.08542e-05
46 -0.583666 -0.582751 8.16496e-05
47 -0.582722 -0.58275 7.98958e-05
48 -0.582647 -0.582748 7.82428e-05
49 -0.582946 -0.582752 7.67357e-05
50 -0.582367 -0.582744 7.55778e-05
51 -0.582156 -0.582733 7.49733e-05
52 -0.583054 -0.582739 7.37761e-05
53 -0.583589 -0.582755 7.41265e-05
54 -0.5832 -0.582763 7.32065e-05
55 -0.583024 -0.582768 7.20196e-05
56 -0.582081 -0.582756 7.1778e-05
57 -0.582654 -0.582754 7.05298e-05
58 -0.58385 -0.582773 7.1836e-05
59 -0.582974 -0.582776 7.069e-05
60 -0.582974 -0.582779 6.95798e-05
61 -0.584026 -0.5828 7.1418e-05
62 -0.583595 -0.582813 7.14183e-05
63 -0.583007 -0.582816 7.03434e-05
64 -0.582206 -0.582806 6.98888e-05
65 -0.582957 -0.582809 6.88442e-05
66 -0.582731 -0.582807 6.78032e-05
67 -0.584422 -0.582831 7.10007e-05
68 -0.58203 -0.58282 7.09338e-05
69 -0.582784 -0.582819 6.99002e-05
70 -0.58243 -0.582814 6.91178e-05
71 -0.582342 -0.582807 6.84609e-05
72 -0.583462 -0.582816 6.8113e-05
73 -0.58241 -0.58281 6.74038e-05
74 -0.583606 -0.582821 6.73511e-05
75 -0.582999 -0.582824 6.64893e-05
76 -0.58393 -0.582838 6.72055e-05
77 -0.582611 -0.582835 6.63924e-05
78 -0.58276 -0.582834 6.55428e-05
79 -0.581689 -0.58282 6.63124e-05
80 -0.583306 -0.582826 6.57593e-05
81 -0.583242 -0.582831 6.51457e-05
82 -0.582667 -0.582829 6.43773e-05
83 -0.583078 -0.582832 6.36675e-05
84 -0.583822 -0.582844 6.40004e-05
85 -0.583365 -0.58285 6.35394e-05
86 -0.583066 -0.582852 6.28463e-05
87 -0.582887 -0.582853 6.2121e-05
88 -0.582849 -0.582853 6.1411e-05
89 -0.582875 -0.582853 6.07176e-05
90 -0.582261 -0.582846 6.03987e-05
91 -0.581992 -0.582837 6.04647e-05
92 -0.582449 -0.582833 5.99526e-05
93 -0.583143 -0.582836 5.93983e-05
94 -0.582787 -0.582836 5.87653e-05
95 -0.583078 -0.582838 5.81992e-05
96 -0.582986 -0.58284 5.76105e-05
97 -0.582746 -0.582839 5.70216e-05
98 -0.583125 -0.582842 5.65121e-05
99 -0.583806 -0.582851 5.67794e-05
100 -0.582834 -0.582851 5.6209e-05
1 -0.516497 -0.516497 0
2 -0.515721 -0.516109 0.000388
3 -0.515933 -0.51605 0.000231567
4 -0.516434 -0.516146 0.000189843
5 -0.516646 -0.516246 0.000177854
6 -0.516163 -0.516232 0.000145876
7 -0.516299 -0.516242 0.000123656
8 -0.516781 -0.516309 0.000126511
9 -0.515994 -0.516274 0.00011693
10 -0.51609 -0.516256 0.00010619
11 -0.516778 -0.516303 0.000107123
12 -0.516448 -0.516315 9.85294e-05
13 -0.516952 -0.516364 0.000103017
14 -0.516914 -0.516404 0.000103128
15 -0.514874 -0.516302 0.000140076
16 -0.516863 -0.516337 0.000135649
17 -0.516858 -0.516367 0.000131053
18 -0.516655 -0.516383 0.000124588
19 -0.516473 -0.516388 0.000117943
20 -0.517723 -0.516455 0.000130292
21 -0.516633 -0.516463 0.000124222
22 -0.516223 -0.516452 0.000118943
23 -0.516183 -0.516441 0.000114255
24 -0.51683 -0.516457 0.000110585
25 -0.516167 -0.516445 0.0001067
26 -0.515506 -0.516409 0.000108688
27 -0.518042 -0.51647 0.000120804
28 -0.516151 -0.516458 0.000116963
29 -0.516744 -0.516468 0.000113288
30 -0.517574 -0.516505 0.000115492
31 -0.516638 -0.516509 0.000111787
32 -0.515846 -0.516489 0.000110206
33 -0.517172 -0.516509 0.000108804
34 -0.515771 -0.516488 0.000107764
35 -0.516738 -0.516495 0.000104884
36 -0.51644 -0.516493 0.00010194
37 -0.51603 -0.516481 9.99323e-05
38 -0.51581 -0.516463 9.88533e-05
39 -0.517252 -0.516483 9.83875e-05
40 -0.516151 -0.516475 9.62549e-05
41 -0.516603 -0.516478 9.393e-05
42 -0.515957 -0.516466 9.25027e-05
43 -0.517355 -0.516486 9.26645e-05
44 -0.51593 -0.516474 9.14115e-05
45 -0.516234 -0.516468 8.95151e-05
46 -0.516604 -0.516471 8.75971e-05
47 -0.516557 -0.516473 8.57324e-05
48 -0.516754 -0.516479 8.41304e-05
49 -0.517406 -0.516498 8.45376e-05
50 -0.516578 -0.5165 8.2845e-05
51 -0.516021 -0.51649 8.1745e-05
52 -0.516654 -0.516493 8.02192e-05
53 -0.516591 -0.516495 7.87128e-05
54 -0.51697 -0.516504 7.77412e-05
55 -0.51599 -0.516495 7.68854e-05
56 -0.516139 -0.516488 7.57662e-05
57 -0.516332 -0.516485 7.44756e-05
58 -0.516328 -0.516483 7.32306e-05
59 -0.515935 -0.516473 7.25746e-05
60 -0.515641 -0.51646 7.26919e-05
61 -0.517039 -0.516469 7.21189e-05
62 -0.516755 -0.516474 7.1096e-05
63 -0.516658 -0.516477 7.00193e-05
64 -0.515882 -0.516467 6.95392e-05
65 -0.516761 -0.516472 6.86097e-05
66 -0.515886 -0.516463 6.81421e-05
67 -0.518139 -0.516488 7.16284e-05
68 -0.516069 -0.516482 7.08359e-05
69 -0.516158 -0.516477 6.9959e-05
70 -0.516043 -0.516471 6.92305e-05
71 -0.516326 -0.516469 6.82792e-05
72 -0.516343 -0.516467 6.73468e-05
73 -0.516313 -0.516465 6.64515e-05
74 -0.516766 -0.516469 6.56737e-05
75 -0.515957 -0.516462 6.51513e-05
76 -0.516204 -0.516459 6.43781e-05
77 -0.516472 -0.516459 6.35367e-05
78 -0.516575 -0.516461 6.27345e-05
79 -0.515745 -0.516452 6.25945e-05
80 -0.517444 -0.516464 6.304e-05
81 -0.51666 -0.516466 6.23039e-05
82 -0.516034 -0.516461 6.17644e-05
83 -0.516578 -0.516462 6.10319e-05
84 -0.517459 -0.516474 6.14573e-05
85 -0.516442 -0.516474 6.07312e-05
86 -0.515797 -0.516466 6.05351e-05
87 -0.516938 -0.516471 6.00802e-05
88 -0.516654 -0.516474 5.94296e-05
89 -0.516478 -0.516474 5.87581e-05
90 -0.515483 -0.516463 5.91345e-05
91 -0.5171 -0.51647 5.88991e-05
92 -0.515981 -0.516464 5.84971e-05
93 -0.51651 -0.516465 5.78668e-05
94 -0.517494 -0.516476 5.82863e-05
95 -0.516478 -0.516476 5.76695e-05
96 -0.516272 -0.516474 5.71051e-05
97 -0.516092 -0.51647 5.66501e-05
98 -0.516224 -0.516467 5.61251e-05
99 -0.516792 -0.51647 5.56521e-05
100 -0.515656 -0.516462 5.56916e-05
1 -0.461844 -0.461844 0
2 -0.461902 -0.461873 2.88e-05
3 -0.462246 -0.461997 0.000125638
4 -0.462218 -0.462053 0.000104628
5 -0.462161 -0.462074 8.38835e-05
6 -0.461694 -0.462011 9.32668e-05
7 -0.46219 -0.462036 8.28542e-05
8 -0.462326 -0.462073 8.03425e-05
9 -0.462176 -0.462084 7.17808e-05
10 -0.46203 -0.462079 6.44335e-05
11 -0.462039 -0.462075 5.83925e-05
12 -0.462065 -0.462074 5.33117e-05
13 -0.462712 -0.462123 6.9368e-05
14 -0.462251 -0.462132 6.48692e-05
15 -0.461714 -0.462104 6.65317e-05
16 -0.46241 -0.462124 6.50909e-05
17 -0.462292 -0.462133 6.194e-05
18 -0.462121 -0.462133 5.84018e-05
19 -0.461734 -0.462112 5.91023e-05
20 -0.463641 -0.462188 9.48092e-05
21 -0.462548 -0.462205 9.17947e-05
22 -0.462195 -0.462205 8.7524e-05
23 -0.461646 -0.462181 8.70856e-05
24 -0.46255 -0.462196 8.479e-05
25 -0.462295 -0.4622 8.14245e-05
26 -0.46169 -0.46218 8.06552e-05
27 -0.463372 -0.462224 8.92824e-05
28 -0.462016 -0.462217 8.63562e-05
29 -0.461917 -0.462207 8.39659e-05
30 -0.463052 -0.462235 8.58733e-05
31 -0.462165 -0.462233 8.30878e-05
32 -0.461504 -0.46221 8.36093e-05
33 -0.462717 -0.462225 8.24795e-05
34 -0.461912 -0.462216 8.05453e-05
35 -0.462246 -0.462217 7.82147e-05
36 -0.461644 -0.462201 7.76586e-05
37 -0.461781 -0.46219 7.63793e-05
38 -0.461639 -0.462175 7.57397e-05
39 -0.462996 -0.462196 7.67164e-05
40 -0.46109 -0.462168 7.972e-05
41 -0.46264 -0.46218 7.85972e-05
42 -0.461188 -0.462156 8.0257e-05
43 -0.462829 -0.462172 7.99134e-05
44 -0.46148 -0.462156 7.96443e-05
45 -0.461862 -0.46215 7.81278e-05
46 -0.463391 -0.462177 8.10365e-05
47 -0.462409 -0.462182 7.94472e-05
48 -0.462313 -0.462184 7.78224e-05
49 -0.462857 -0.462198 7.74431e-05
50 -0.462255 -0.462199 7.5887e-05
51 -0.461602 -0.462188 7.53016e-05
52 -0.46224 -0.462189 7.38462e-05
53 -0.462388 -0.462192 7.25372e-05
54 -0.462317 -0.462195 7.12185e-05
55 -0.461951 -0.46219 7.00516e-05
56 -0.462042 -0.462188 6.88405e-05
57 -0.462208 -0.462188 6.76229e-05
58 -0.462085 -0.462186 6.64706e-05
59 -0.462174 -0.462186 6.53346e-05
60 -0.461958 -0.462182 6.43483e-05
61 -0.462624 -0.462189 6.36978e-05
62 -0.462364 -0.462192 6.27253e-05
63 -0.462381 -0.462195 6.17942e-05
64 -0.461885 -0.46219 6.1014e-05
65 -0.461853 -0.462185 6.0292e-05
66 -0.461596 -0.462176 6.00388e-05
67 -0.46295 -0.462188 6.02519e-05
68 -0.46208 -0.462186 5.93804e-05
69 -0.461776 -0.46218 5.88147e-05
70 -0.461986 -0.462177 5.80345e-05
71 -0.461705 -0.462171 5.75972e-05
72 -0.462417 -0.462174 5.68943e-05
73 -0.462819 -0.462183 5.68009e-05
74 -0.46237 -0.462186 5.60848e-05
75 -0.461989 -0.462183 5.53941e-05
76 -0.46206 -0.462181 5.46843e-05
77 -0.461431 -0.462172 5.48416e-05
78 -0.461603 -0.462164 5.46222e-05
79 -0.462253 -0.462165 5.3938e-05
80 -0.462813 -0.462174 5.38708e-05
81 -0.462377 -0.462176 5.32607e-05
82 -0.461948 -0.462173 5.26806e-05
83 -0.462762 -0.46218 5.25239e-05
84 -0.462947 -0.462189 5.26918e-05
85 -0.462704 -0.462196 5.24189e-05
86 -0.461297 -0.462185 5.28493e-05
87 -0.462027 -0.462183 5.22698e-05
88 -0.462382 -0.462186 5.17215e-05
89 -0.462074 -0.462184 5.11523e-05
90 -0.461156 -0.462173 5.1855e-05
91 -0.462463 -0.462176 5.13812e-05
92 -0.461661 -0.46217 5.11273e-05
93 -0.46243 -0.462173 5.06513e-05
94 -0.463231 -0.462184 5.1358e-05
95 -0.462808 -0.462191 5.12367e-05
96 -0.462174 -0.462191 5.07005e-05
97 -0.462375 -0.462193 5.0211e-05
98 -0.462522 -0.462196 4.98092e-05
99 -0.462795 -0.462202 4.96735e-05
100 -0.46133 -0.462193 4.99424e-05
1 -0.417085 -0.417085 0
2 -0.41758 -0.417332 0.0002476
3 -0.417748 -0.417471 0.000199065
4 -0.416478 -0.417223 0.000285278
5 -0.417682 -0.417315 0.000239331
6 -0.416919 -0.417249 0.000206232
7 -0.417346 -0.417263 0.000174855
8 -0.417242 -0.41726 0.000151452
9 -0.417277 -0.417262 0.000133581
10 -0.417487 -0.417284 0.000121583
11 -0.417335 -0.417289 0.000110073
12 -0.417177 -0.41728 0.000100917
13 -0.417745 -0.417316 9.94847e-05
14 -0.417451 -0.417325 9.26135e-05
15 -0.416495 -0.41727 0.000102447
16 -0.417224 -0.417267 9.58733e-05
17 -0.417009 -0.417252 9.13291e-05
18 -0.417424 -0.417261 8.66356e-05
19 -0.4175 -0.417274 8.29059e-05
20 -0.418944 -0.417357 0.000114712
21 -0.417774 -0.417377 0.000110898
22 -0.417415 -0.417379 0.000105751
23 -0.416453 -0.417339 0.000108777
24 -0.418008 -0.417367 0.000107815
25 -0.417346 -0.417366 0.000103416
26 -0.416826 -0.417345 0.000101507
27 -0.417956 -0.417368 0.000100263
28 -0.417141 -0.41736 9.69547e-05
29 -0.417386 -0.41736 9.3556e-05
30 -0.418604 -0.417402 9.94362e-05
31 -0.417286 -0.417398 9.62482e-05
32 -0.416565 -0.417372 9.67619e-05
33 -0.418026 -0.417392 9.58571e-05
34 -0.417314 -0.41739 9.30235e-05
35 -0.417115 -0.417382 9.06662e-05
36 -0.416547 -0.417359 9.11103e-05
37 -0.417314 -0.417357 8.86217e-05
38 -0.416762 -0.417342 8.76676e-05
39 -0.418236 -0.417365 8.84153e-05
40 -0.416599 -0.417346 8.82757e-05
41 -0.41799 -0.417361 8.75207e-05
42 -0.416599 -0.417343 8.73174e-05
43 -0.417412 -0.417345 8.52776e-05
44 -0.41683 -0.417333 8.41354e-05
45 -0.416896 -0.417323 8.28158e-05
46 -0.418068 -0.417339 8.25976e-05
47 -0.418126 -0.417356 8.25337e-05
48 -0.417606 -0.417361 8.09628e-05
49 -0.417582 -0.417366 7.94215e-05
50 -0.416989 -0.417358 7.81815e-05
51 -0.417052 -0.417352 7.68683e-05
52 -0.417327 -0.417352 7.53771e-05
53 -0.417395 -0.417353 7.39457e-05
54 -0.416999 -0.417346 7.28581e-05
55 -0.417193 -0.417343 7.15755e-05
56 -0.417423 -0.417345 7.03002e-05
57 -0.417789 -0.417353 6.94938e-05
58 -0.417473 -0.417355 6.83166e-05
59 -0.41752 -0.417357 6.72071e-05
60 -0.416878 -0.417349 6.65581e-05
61 -0.41747 -0.417351 6.54879e-05
62 -0.417211 -0.417349 6.44627e-05
63 -0.417013 -0.417344 6.36556e-05
64 -0.416704 -0.417334 6.34457e-05
65 -0.417587 -0.417338 6.25835e-05
66 -0.416514 -0.417325 6.28803e-05
67 -0.418001 -0.417335 6.275e-05
68 -0.417712 -0.417341 6.2068e-05
69 -0.41709 -0.417337 6.12702e-05
70 -0.417469 -0.417339 6.04178e-05
71 -0.417243 -0.417338 5.95761e-05
72 -0.417501 -0.41734 5.87864e-05
73 -0.417818 -0.417347 5.83447e-05
74 -0.417668 -0.417351 5.77145e-05
75 -0.417114 -0.417348 5.70271e-05
76 -0.417397 -0.417348 5.62754e-05
77 -0.416972 -0.417344 5.57545e-05
78 -0.417237 -0.417342 5.50521e-05
79 -0.41734 -0.417342 5.43507e-05
80 -0.417621 -0.417346 5.378e-05
81 -0.417382 -0.417346 5.31137e-05
82 -0.417044 -0.417342 5.25912e-05
83 -0.417437 -0.417344 5.19661e-05
84 -0.41765 -0.417347 5.14736e-05
85 -0.417832 -0.417353 5.11832e-05
86 -0.41678 -0.417346 5.10213e-05
87 -0.416782 -0.41734 5.08461e-05
88 -0.417408 -0.417341 5.0271e-05
89 -0.417134 -0.417338 4.97568e-05
90 -0.416404 -0.417328 5.02839e-05
91 -0.418122 -0.417337 5.0489e-05
92 -0.417119 -0.417334 4.99931e-05
93 -0.417226 -0.417333 4.94664e-05
94 -0.418087 -0.417341 4.95906e-05
95 -0.418136 -0.417349 4.97743e-05
96 -0.416902 -0.417345 4.94735e-05
97 -0.417967 -0.417351 4.93796e-05
98 -0.417838 -0.417356 4.91245e-05
99 -0.417752 -0.41736 4.87899e-05
100 -0.41721 -0.417359 4.8323e-05
1 -0.379865 -0.379865 0
2 -0.380382 -0.380124 0.0002588
3 -0.380194 -0.380147 0.000151271
4 -0.379324 -0.379941 0.000231938
5 -0.380319 -0.380017 0.000194901
6 -0.379634 -0.379953 0.000171434
7 -0.380584 -0.380043 0.000170626
8 -0.379639 -0.379993 0.000156162
9 -0.380499 -0.380049 0.000148772
10 -0.379732 -0.380017 0.000136791
11 -0.379803 -0.379998 0.000125255
12 -0.379859 -0.379986 0.000114924
13 -0.380609 -0.380034 0.000116053
14 -0.380214 -0.380047 0.000108206
15 -0.379268 -0.379995 0.000113334
16 -0.380206 -0.380008 0.000106828
17 -0.379605 -0.379985 0.000103115
18 -0.379802 -0.379974 9.7743e-05
19 -0.380735 -0.380014 0.000100754
20 -0.381045 -0.380066 0.000108583
21 -0.380646 -0.380094 0.000106908
22 -0.379779 -0.380079 0.00010293
23 -0.378633 -0.380016 0.000116741
24 -0.38035 -0.38003 0.000112634
25 -0.38001 -0.380029 0.000108038
26 -0.379782 -0.38002 0.000104236
27 -0.380956 -0.380055 0.000106124
28 -0.379411 -0.380032 0.000104814
29 -0.380323 -0.380042 0.000101633
30 -0.381112 -0.380077 0.000104468
31 -0.379998 -0.380075 0.000101074
32 -0.379199 -0.380047 0.000101618
33 -0.380509 -0.380061 9.94776e-05
34 -0.379734 -0.380052 9.69856e-05
35 -0.379854 -0.380046 9.43426e-05
36 -0.379114 -0.38002 9.52678e-05
37 -0.380175 -0.380024 9.27518e-05
38 -0.379815 -0.380019 9.04458e-05
39 -0.380529 -0.380032 8.90608e-05
40 -0.379714 -0.380024 8.717e-05
41 -0.380298 -0.380031 8.52802e-05
42 -0.380238 -0.380036 8.33705e-05
43 -0.380296 -0.380042 8.16334e-05
44 -0.379399 -0.380027 8.10824e-05
45 -0.37961 -0.380018 7.98014e-05
46 -0.380748 -0.380034 7.96449e-05
47 -0.38029 -0.380039 7.81218e-05
48 -0.380223 -0.380043 7.6573e-05
49 -0.380531 -0.380053 7.56529e-05
50 -0.379518 -0.380042 7.48938e-05
51 -0.380214 -0.380046 7.34881e-05
52 -0.38021 -0.380049 7.213e-05
53 -0.380042 -0.380049 7.07561e-05
54 -0.379126 -0.380032 7.15031e-05
55 -0.380433 -0.380039 7.0569e-05
56 -0.379885 -0.380036 6.9352e-05
57 -0.380465 -0.380044 6.85383e-05
58 -0.380127 -0.380045 6.73617e-05
59 -0.380234 -0.380048 6.62878e-05
60 -0.379658 -0.380042 6.54968e-05
61 -0.380171 -0.380044 6.4449e-05
62 -0.379314 -0.380032 6.4486e-05
63 -0.379898 -0.38003 6.34901e-05
64 -0.379019 -0.380014 6.44552e-05
65 -0.38013 -0.380016 6.3481e-05
66 -0.378612 -0.379995 6.60322e-05
67 -0.380782 -0.380006 6.60931e-05
68 -0.379934 -0.380005 6.51225e-05
69 -0.379748 -0.380002 6.42801e-05
70 -0.379854 -0.38 6.33901e-05
71 -0.379673 -0.379995 6.26602e-05
72 -0.379978 -0.379995 6.17842e-05
73 -0.380499 -0.380002 6.13226e-05
74 -0.380298 -0.380006 6.0621e-05
75 -0.380018 -0.380006 5.98075e-05
76 -0.380166 -0.380008 5.90531e-05
77 -0.379677 -0.380004 5.84396e-05
78 -0.380365 -0.380008 5.7871e-05
79 -0.379546 -0.380002 5.74321e-05
80 -0.380112 -0.380004 5.67262e-05
81 -0.380274 -0.380007 5.6121e-05
82 -0.379932 -0.380006 5.544e-05
83 -0.379941 -0.380005 5.47736e-05
84 -0.38001 -0.380005 5.41177e-05
85 -0.380098 -0.380007 5.34884e-05
86 -0.379582 -0.380002 5.30932e-05
87 -0.379375 -0.379994 5.29711e-05
88 -0.379962 -0.379994 5.23669e-05
89 -0.379838 -0.379992 5.18048e-05
90 -0.37929 -0.379985 5.18176e-05
91 -0.380804 -0.379994 5.20302e-05
92 -0.380033 -0.379994 5.14633e-05
93 -0.379802 -0.379992 5.09486e-05
94 -0.381055 -0.380003 5.16574e-05
95 -0.380718 -0.380011 5.16622e-05
96 -0.379881 -0.380009 5.11391e-05
97 -0.380595 -0.380015 5.09683e-05
98 -0.380344 -0.380019 5.05568e-05
99 -0.380335 -0.380022 5.01455e-05
100 -0.380044 -0.380022 4.9642e-05
1 -0.34857 -0.34857 0
2 -0.349071 -0.34882 0.0002508
3 -0.348838 -0.348826 0.000144913
4 -0.347932 -0.348603 0.0002459
5 -0.348607 -0.348604 0.000190476
6 -0.347598 -0.348436 0.000228681
7 -0.349109 -0.348532 0.000215859
8 -0.347937 -0.348458 0.000201201
9 -0.349026 -0.348521 0.000188332
10 -0.34793 -0.348462 0.000178519
11 -0.348175 -0.348436 0.000163562
12 -0.348717 -0.348459 0.00015114
13 -0.348744 -0.348481 0.000140746
14 -0.348174 -0.348459 0.000132142
15 -0.348529 -0.348464 0.000123105
16 -0.348104 -0.348441 0.000117327
17 -0.347867 -0.348407 0.000115265
18 -0.348354 -0.348404 0.000108713
19 -0.349325 -0.348453 0.00011367
20 -0.34896 -0.348478 0.000110778
21 -0.348881 -0.348497 0.0001071
22 -0.348172 -0.348483 0.000103182
23 -0.346982 -0.348417 0.000118217
24 -0.348622 -0.348426 0.000113503
25 -0.348249 -0.348419 0.000109099
26 -0.347986 -0.348402 0.000106135
27 -0.349408 -0.348439 0.000108711
28 -0.347743 -0.348415 0.000107667
29 -0.348982 -0.348434 0.000105712
30 -0.349581 -0.348472 0.000109046
31 -0.348498 -0.348473 0.000105473
32 -0.347591 -0.348446 0.000105778
33 -0.348814 -0.348457 0.000103127
34 -0.347713 -0.348435 0.000102413
35 -0.348638 -0.348441 9.9612e-05
36 -0.347597 -0.348417 9.96031e-05
37 -0.34889 -0.34843 9.77142e-05
38 -0.347869 -0.348415 9.62478e-05
39 -0.348458 -0.348416 9.37537e-05
40 -0.348238 -0.348412 9.1489e-05
41 -0.348758 -0.34842 8.96291e-05
42 -0.349104 -0.348437 8.89709e-05
43 -0.348749 -0.348444 8.718e-05
44 -0.347935 -0.348432 8.59565e-05
45 -0.347974 -0.348422 8.46386e-05
46 -0.349482 -0.348445 8.59273e-05
47 -0.348235 -0.348441 8.41978e-05
48 -0.348819 -0.348449 8.28014e-05
49 -0.349143 -0.348463 8.23236e-05
50 -0.347924 -0.348452 8.13769e-05
51 -0.348426 -0.348451 7.97669e-05
52 -0.348681 -0.348456 7.83421e-05
53 -0.348104 -0.348449 7.7136e-05
54 -0.3477 -0.348435 7.69553e-05
55 -0.348855 -0.348443 7.59278e-05
56 -0.348495 -0.348444 7.45654e-05
57 -0.34897 -0.348453 7.38256e-05
58 -0.348424 -0.348453 7.25433e-05
59 -0.348019 -0.348445 7.16807e-05
60 -0.348026 -0.348438 7.08209e-05
61 -0.348441 -0.348438 6.96502e-05
62 -0.347682 -0.348426 6.95964e-05
63 -0.348404 -0.348426 6.84837e-05
64 -0.348074 -0.34842 6.76284e-05
65 -0.348783 -0.348426 6.68135e-05
66 -0.347301 -0.348409 6.7966e-05
67 -0.34934 -0.348423 6.83712e-05
68 -0.348354 -0.348422 6.73658e-05
69 -0.347941 -0.348415 6.67472e-05
70 -0.348023 -0.348409 6.60242e-05
71 -0.348217 -0.348406 6.51441e-05
72 -0.348494 -0.348408 6.42445e-05
73 -0.349089 -0.348417 6.40416e-05
74 -0.348782 -0.348422 6.33629e-05
75 -0.348303 -0.34842 6.25324e-05
76 -0.348858 -0.348426 6.19717e-05
77 -0.34797 -0.34842 6.14483e-05
78 -0.348929 -0.348427 6.10048e-05
79 -0.34798 -0.348421 6.04926e-05
80 -0.348108 -0.348417 5.98597e-05
81 -0.348785 -0.348422 5.929e-05
82 -0.348571 -0.348424 5.85909e-05
83 -0.34832 -0.348422 5.78941e-05
84 -0.348662 -0.348425 5.72717e-05
85 -0.348953 -0.348431 5.69333e-05
86 -0.348432 -0.348431 5.62674e-05
87 -0.347818 -0.348424 5.60614e-05
88 -0.348602 -0.348426 5.54576e-05
89 -0.348449 -0.348427 5.48315e-05
90 -0.347815 -0.34842 5.46427e-05
91 -0.349255 -0.348429 5.48132e-05
92 -0.348476 -0.348429 5.42165e-05
93 -0.34843 -0.348429 5.36304e-05
94 -0.349464 -0.34844 5.41862e-05
95 -0.34917 -0.348448 5.41593e-05
96 -0.348837 -0.348452 5.37449e-05
97 -0.348648 -0.348454 5.32262e-05
98 -0.348588 -0.348456 5.2698e-05
99 -0.349071 -0.348462 5.25323e-05
100 -0.348564 -0.348463 5.20143e-05
1 -0.321934 -0.321934 0
2 -0.322016 -0.321975 4.12e-05
3 -0.321865 -0.321938 4.37065e-05
4 -0.32133 -0.321786 0.000155045
5 -0.321738 -0.321777 0.000120477
6 -0.320795 -0.321613 0.000190874
7 -0.321881 -0.321651 0.00016579
8 -0.321525 -0.321635 0.000144446
9 -0.322246 -0.321703 0.000144303
10 -0.320694 -0.321602 0.00016387
11 -0.321203 -0.321566 0.000152603
12 -0.321983 -0.321601 0.000143579
13 -0.321924 -0.321626 0.000134393
14 -0.321105 -0.321588 0.000129867
15 -0.321519 -0.321584 0.000120987
16 -0.321337 -0.321568 0.000114222
17 -0.320884 -0.321528 0.000114597
18 -0.321733 -0.32154 0.00010864
19 -0.322562 -0.321593 0.000116011
20 -0.32177 -0.321602 0.000110413
21 -0.322088 -0.321625 0.000107541
22 -0.321264 -0.321609 0.000103844
23 -0.320368 -0.321555 0.000112946
24 -0.321604 -0.321557 0.000108157
25 -0.32134 -0.321548 0.000104103
26 -0.321308 -0.321539 0.000100445
27 -0.322866 -0.321588 0.000108423
28 -0.32093 -0.321565 0.000107088
29 -0.32255 -0.321599 0.000108776
30 -0.322842 -0.32164 0.000112959
31 -0.321726 -0.321643 0.00010929
32 -0.320857 -0.321618 0.000108633
33 -0.32172 -0.321621 0.000105335
34 -0.320635 -0.321592 0.000106227
35 -0.321776 -0.321598 0.00010328
36 -0.320817 -0.321576 0.000102687
37 -0.321968 -0.321587 0.000100434
38 -0.321204 -0.321576 9.82722e-05
39 -0.321944 -0.321586 9.6182e-05
40 -0.321622 -0.321587 9.37511e-05
41 -0.321958 -0.321596 9.1882e-05
42 -0.322126 -0.321608 9.05504e-05
43 -0.321824 -0.321613 8.85614e-05
44 -0.32129 -0.321606 8.68378e-05
45 -0.32087 -0.32159 8.64497e-05
46 -0.322722 -0.321614 8.8057e-05
47 -0.321577 -0.321614 8.61668e-05
48 -0.322022 -0.321622 8.47798e-05
49 -0.322006 -0.32163 8.33997e-05
50 -0.321098 -0.321619 8.24031e-05
51 -0.321441 -0.321616 8.0847e-05
52 -0.322011 -0.321623 7.96409e-05
53 -0.321146 -0.321614 7.86421e-05
54 -0.320736 -0.321598 7.88676e-05
55 -0.32175 -0.321601 7.74694e-05
56 -0.3217 -0.321603 7.6094e-05
57 -0.322278 -0.321614 7.56815e-05
58 -0.321496 -0.321612 7.43933e-05
59 -0.321169 -0.321605 7.35071e-05
60 -0.321285 -0.3216 7.24683e-05
61 -0.321712 -0.321601 7.12942e-05
62 -0.320766 -0.321588 7.14187e-05
63 -0.321101 -0.32158 7.07e-05
64 -0.320974 -0.321571 7.02274e-05
65 -0.321457 -0.321569 6.91608e-05
66 -0.32015 -0.321547 7.1416e-05
67 -0.322258 -0.321558 7.1136e-05
68 -0.321442 -0.321556 7.01027e-05
69 -0.321225 -0.321552 6.92462e-05
70 -0.321005 -0.321544 6.86954e-05
71 -0.3213 -0.32154 6.78079e-05
72 -0.321406 -0.321538 6.68857e-05
73 -0.322205 -0.321548 6.65916e-05
74 -0.321733 -0.32155 6.57332e-05
75 -0.321319 -0.321547 6.49239e-05
76 -0.32225 -0.321556 6.4729e-05
77 -0.321166 -0.321551 6.4084e-05
78 -0.321868 -0.321555 6.33873e-05
79 -0.32107 -0.321549 6.28801e-05
80 -0.321299 -0.321546 6.21676e-05
81 -0.321972 -0.321551 6.16202e-05
82 -0.321664 -0.321553 6.08796e-05
83 -0.321922 -0.321557 6.03064e-05
84 -0.322191 -0.321565 6.00605e-05
85 -0.321782 -0.321567 5.94049e-05
86 -0.321647 -0.321568 5.87175e-05
87 -0.320986 -0.321561 5.84236e-05
88 -0.322071 -0.321567 5.80457e-05
89 -0.321594 -0.321568 5.73906e-05
90 -0.32089 -0.32156 5.7247e-05
91 -0.322417 -0.321569 5.7392e-05
92 -0.321651 -0.32157 5.67717e-05
93 -0.321443 -0.321569 5.61746e-05
94 -0.322241 -0.321576 5.60315e-05
95 -0.322114 -0.321582 5.57266e-05
96 -0.321834 -0.321584 5.52058e-05
97 -0.322007 -0.321589 5.48073e-05
98 -0.321794 -0.321591 5.42855e-05
99 -0.322611 -0.321601 5.47139e-05
100 -0.32167 -0.321602 5.41683e-05
