           1    0.857322    0.857322           0
           2    0.910491    0.883906   0.0265846
           3    0.837046    0.868286   0.0218989
           4    0.847964    0.863206    0.016297
           5    0.900898    0.870744   0.0147032
           6    0.910657    0.877396   0.0137249
           7    0.904075    0.881208   0.0122097
           8    0.876683    0.880642   0.0105891
           9    0.911626    0.884085  0.00995304
          10    0.893488    0.885025   0.0089518
          11    0.889758    0.885455  0.00810863
          12    0.918469    0.888207  0.00789685
          13    0.861841    0.886178  0.00754186
          14    0.910713    0.887931  0.00719896
          15    0.854317     0.88569   0.0070666
          16    0.890685    0.886002  0.00661757
          17     0.87118     0.88513  0.00627697
          18    0.906464    0.886315   0.0060355
          19    0.899589    0.887014   0.0057516
          20    0.927469    0.889037   0.0058193
          21    0.899387     0.88953  0.00555716
          22    0.907342    0.890339  0.00536004
          23    0.799067    0.886371  0.00647918
          24    0.909575    0.887338  0.00627824
          25    0.905219    0.888053   0.0060642
          26    0.861666    0.887038  0.00591402
          27    0.842546     0.88539  0.00592456
          28    0.871158    0.884882  0.00573163
          29    0.905253    0.885584  0.00557489
          30    0.900479    0.886081  0.00540869
          31    0.882638     0.88597  0.00523248
          32    0.885144    0.885944   0.0050664
          33    0.885666    0.885936  0.00491048
          34    0.890259    0.886063  0.00476556
          35    0.932956    0.887403  0.00481746
          36    0.873012    0.887003  0.00469876
          37     0.81824    0.885144  0.00493344
          38    0.921376    0.886098   0.0048956
          39     0.93283    0.887296  0.00491667
          40    0.903732    0.887707  0.00480976
          41     0.89798    0.887958  0.00469767
          42    0.900698    0.888261  0.00459448
          43    0.854784    0.887482  0.00455341
          44    0.892756    0.887602  0.00445034
          45    0.915095    0.888213  0.00439301
          46    0.922682    0.888963   0.0043613
          47    0.896073    0.889114  0.00427018
          48    0.861922    0.888547  0.00421848
          49    0.927293    0.889338  0.00420648
          50    0.861336    0.888778  0.00415937
          51    0.920396    0.889398  0.00412386
          52    0.922222    0.890029  0.00409275
          53    0.882733    0.889892  0.00401715
          54    0.846592     0.88909  0.00402277
          55    0.906876    0.889413  0.00396218
          56    0.908114    0.889747  0.00390508
          57    0.918996     0.89026  0.00387013
          58    0.920888    0.890788  0.00383931
          59    0.929928    0.891452  0.00383154
          60    0.806772     0.89004  0.00402283
          61    0.913776    0.890429  0.00397542
          62    0.855345    0.889864  0.00395151
          63     0.84517    0.889154  0.00395247
          64    0.874626    0.888927  0.00389684
          65    0.899154    0.889084  0.00383964
          66    0.871647     0.88882  0.00379024
          67    0.876784    0.888641  0.00373756
          68    0.914611    0.889023  0.00370194
          69    0.879816    0.888889  0.00365033
          70    0.894207    0.888965  0.00359861
          71    0.880026    0.888839  0.00354979
          72    0.917684     0.88924    0.003523
          73    0.873493    0.889024  0.00348109
          74    0.885606    0.888978  0.00343404
          75    0.881656     0.88888  0.00338935
          76     0.85882    0.888485  0.00336776
          77    0.895091    0.888571  0.00332484
          78    0.890211    0.888592  0.00328201
          79    0.868377    0.888336  0.00325028
          80    0.909578    0.888601  0.00322036
          81    0.917855    0.888962   0.0032008
          82    0.861368    0.888626  0.00317938
          83    0.910159    0.888885  0.00315154
          84    0.888929    0.888886   0.0031138
          85    0.894861    0.888956  0.00307775
          86    0.906944    0.889165  0.00304893
          87    0.904295    0.889339   0.0030187
          88     0.88747    0.889318  0.00298427
          89    0.913779    0.889593  0.00296332
          90    0.860821    0.889273   0.0029476
          91    0.926003    0.889677  0.00294284
          92    0.901234    0.889802  0.00291339
          93    0.877858    0.889674  0.00288475
          94    0.873738    0.889504  0.00285893
          95    0.893906    0.889551  0.00282905
          96    0.884795    0.889501  0.00279987
          97    0.888784    0.889494  0.00277086
          98    0.887768    0.889476   0.0027425
          99    0.855138    0.889129  0.00273672
         100     0.91814    0.889419  0.00272471
           1    0.376191    0.376191           0
           2    0.368321    0.372256   0.0039348
           3    0.351426    0.365313  0.00730566
           4    0.341965    0.359476  0.00779454
           5    0.333512    0.354283  0.00796351
           6    0.368222    0.356606  0.00690474
           7    0.337997    0.353948  0.00641257
           8    0.334938    0.351571  0.00604048
           9    0.354984    0.351951  0.00534068
          10      0.3661    0.353366    0.004982
          11     0.37903    0.355699  0.00507455
          12    0.350444    0.355261  0.00465306
          13    0.346214    0.354565   0.0043364
          14    0.355376    0.354623  0.00401514
          15    0.335787    0.353367  0.00394318
          16    0.369328    0.354365  0.00382101
          17    0.354553    0.354376  0.00358923
          18    0.345728    0.353895  0.00341789
          19    0.363782    0.354416  0.00327461
          20    0.348241    0.354107  0.00312187
          21    0.366335    0.354689  0.00302605
          22     0.34847    0.354406  0.00289904
          23    0.376772    0.355379  0.00293585
          24    0.353671    0.355308  0.00281177
          25    0.340639    0.354721  0.00276004
          26    0.347852    0.354457  0.00266489
          27    0.359612    0.354648  0.00257139
          28    0.360712    0.354864   0.0024873
          29    0.356191     0.35491  0.00240044
          30    0.339693    0.354403  0.00237387
          31    0.348269    0.354205  0.00230452
          32    0.331424    0.353493  0.00234216
          33    0.370464    0.354007   0.0023276
          34    0.383601    0.354878  0.00242005
          35    0.375508    0.355467  0.00242268
          36    0.342647    0.355111   0.0023812
          37    0.333953    0.354539   0.0023855
          38    0.320448    0.353642  0.00248917
          39    0.371337    0.354096   0.0024666
          40    0.365537    0.354382   0.0024211
          41    0.342637    0.354095  0.00237862
          42    0.364344    0.354339  0.00233409
          43    0.381444     0.35497  0.00236472
          44    0.357143    0.355019  0.00231088
          45    0.336629     0.35461  0.00229561
          46      0.3685    0.354912  0.00226537
          47    0.340329    0.354602  0.00223826
          48    0.358572    0.354685  0.00219269
          49    0.380582    0.355213  0.00221155
          50     0.35283    0.355166   0.0021674
          51    0.363317    0.355326  0.00213048
          52    0.374564    0.355695  0.00212161
          53    0.350733    0.355602   0.0020833
          54    0.357822    0.355643  0.00204477
          55    0.367744    0.355863  0.00201927
          56     0.36256    0.355983  0.00198649
          57     0.34707    0.355826  0.00195758
          58    0.351807    0.355757  0.00192478
          59    0.357196    0.355781  0.00189203
          60    0.358706     0.35583  0.00186087
          61    0.344234     0.35564  0.00183996
          62    0.381952    0.356064  0.00185912
          63    0.380357     0.35645  0.00186957
          64     0.35862    0.356484  0.00184044
          65    0.369084    0.356678  0.00182225
          66    0.372728    0.356921  0.00181083
          67    0.359809    0.356964  0.00178412
          68     0.36819    0.357129  0.00176542
          69     0.37826    0.357435   0.0017664
          70    0.371533    0.357637  0.00175259
          71    0.389611    0.358087  0.00178546
          72    0.348466    0.357953  0.00176555
          73    0.348265    0.357821  0.00174625
          74    0.385858      0.3582  0.00176367
          75    0.363825    0.358275  0.00174161
          76    0.372016    0.358455  0.00172802
          77    0.381268    0.358752  0.00173098
          78     0.35565    0.358712   0.0017091
          79    0.327734     0.35832   0.0017323
          80    0.379263    0.358582  0.00173042
          81    0.352582    0.358508  0.00171053
          82    0.335053    0.358221  0.00171358
          83    0.340521    0.358008  0.00170619
          84    0.377363    0.358239  0.00170143
          85    0.380609    0.358502  0.00170177
          86    0.372793    0.358668  0.00169005
          87    0.345966    0.358522  0.00167688
          88    0.361749    0.358559  0.00165812
          89    0.333826    0.358281  0.00166277
          90    0.358173     0.35828  0.00164419
          91    0.342753    0.358109  0.00163495
          92    0.333919    0.357846  0.00163832
          93    0.360802    0.357878  0.00162092
          94    0.396898    0.358293  0.00165644
          95    0.353168    0.358239   0.0016398
          96    0.368816    0.358349  0.00162636
          97    0.339387    0.358154  0.00162134
          98    0.326032    0.357826  0.00163784
          99    0.358906    0.357837  0.00162125
         100    0.339514    0.357654  0.00161538
           1    0.159981    0.159981           0
           2    0.129048    0.144515   0.0154664
           3    0.134321    0.141117  0.00955416
           4    0.148042    0.142848  0.00697409
           5    0.145858     0.14345  0.00543555
           6    0.143906    0.143526  0.00443876
           7    0.141468    0.143232  0.00376294
           8    0.147602    0.143778  0.00330426
           9    0.150838    0.144563  0.00301782
          10     0.15012    0.145119  0.00275584
          11     0.14998    0.145561  0.00253163
          12    0.132956     0.14451  0.00253856
          13    0.146328     0.14465  0.00233932
          14     0.13918    0.144259  0.00220075
          15    0.154174     0.14492  0.00215277
          16    0.138387    0.144512  0.00205471
          17    0.145374    0.144563  0.00193073
          18     0.15314    0.145039  0.00188165
          19    0.146033    0.145091  0.00178063
          20      0.1479    0.145232  0.00169508
          21    0.139603    0.144964  0.00163447
          22    0.145927    0.145008  0.00155902
          23    0.140222    0.144799  0.00150415
          24    0.155297    0.145237  0.00150508
          25      0.1449    0.145223  0.00144368
          26    0.136318    0.144881   0.0014287
          27    0.150442    0.145087  0.00139011
          28      0.1426    0.144998  0.00134249
          29    0.136876    0.144718   0.0013253
          30    0.140565     0.14458  0.00128782
          31    0.145872    0.144621  0.00124629
          32    0.139826    0.144471  0.00121598
          33    0.161624    0.144991  0.00128809
          34    0.142669    0.144923  0.00125149
          35     0.13799    0.144725  0.00123124
          36    0.150439    0.144884  0.00120704
          37    0.144286    0.144867  0.00117407
          38    0.142882    0.144815  0.00114395
          39    0.148682    0.144914  0.00111864
          40    0.151334    0.145075  0.00110206
          41     0.14201       0.145  0.00107744
          42    0.150289    0.145126  0.00105899
          43    0.147542    0.145182  0.00103559
          44     0.14955    0.145281  0.00101664
          45    0.144065    0.145254  0.00099416
          46     0.15127    0.145385 0.000981061
          47    0.132815    0.145118  0.00099652
          48    0.148858    0.145196 0.000978646
          49    0.129876    0.144883  0.00100817
          50     0.14973     0.14498 0.000992543
          51    0.142145    0.144924 0.000974473
          52      0.1522    0.145064  0.00096574
          53    0.144064    0.145045 0.000947531
          54     0.14684    0.145079 0.000930413
          55    0.147556    0.145124  0.00091445
          56    0.147436    0.145165 0.000898921
          57    0.152911    0.145301 0.000893405
          58    0.144068     0.14528 0.000878123
          59     0.13431    0.145094 0.000882909
          60    0.146592    0.145119 0.000868428
          61    0.145092    0.145118 0.000854073
          62    0.144069    0.145101 0.000840355
          63    0.148786     0.14516 0.000828975
          64    0.140703     0.14509 0.000818885
          65    0.148917    0.145149 0.000808335
          66    0.145408    0.145153 0.000796003
          67    0.151688    0.145251 0.000790076
          68    0.142764    0.145214 0.000779229
          69    0.143228    0.145185 0.000768392
          70    0.146663    0.145206  0.00075763
          71    0.142028    0.145162 0.000748223
          72    0.142032    0.145118 0.000739038
          73    0.142694    0.145085 0.000729599
          74    0.144926    0.145083 0.000719676
          75    0.146919    0.145107 0.000710437
          76    0.138006    0.145014 0.000707226
          77    0.137143    0.144912 0.000705426
          78    0.156134    0.145055 0.000711031
          79    0.155391    0.145186 0.000714061
          80    0.148784    0.145231 0.000706512
          81    0.142331    0.145195 0.000698653
          82    0.145572      0.1452 0.000690095
          83     0.16048    0.145384  0.00070615
          84    0.147785    0.145413 0.000698278
          85    0.140747    0.145358 0.000692194
          86    0.136937     0.14526 0.000691069
          87    0.133039    0.145119 0.000697373
          88    0.139248    0.145053 0.000692624
          89    0.141037    0.145008 0.000686282
          90    0.143484    0.144991 0.000678825
          91    0.141584    0.144953 0.000672366
          92    0.139658    0.144896 0.000667504
          93    0.158988    0.145047 0.000677451
          94    0.139907    0.144992 0.000672432
          95    0.144052    0.144983  0.00066539
          96    0.141151    0.144943 0.000659631
          97     0.14384    0.144931 0.000652894
          98    0.160622    0.145091 0.000665739
          99    0.136241    0.145002 0.000665016
         100     0.14039    0.144956 0.000659946
           1   0.0774964   0.0774964           0
           2    0.079802   0.0786492   0.0011528
           3    0.077474   0.0782575 0.000772294
           4   0.0735456   0.0770795  0.00129839
           5   0.0788452   0.0774326  0.00106593
           6    0.080158   0.0778869 0.000981728
           7   0.0719308    0.077036  0.00118844
           8   0.0832016   0.0778067   0.0012858
           9    0.077862   0.0778128  0.00113398
          10   0.0753976   0.0775713  0.00104263
          11   0.0801956   0.0778099 0.000972798
          12   0.0761548    0.077672 0.000898686
          13    0.072614   0.0772829 0.000913654
          14   0.0816608   0.0775956  0.00090183
          15   0.0785628   0.0776601 0.000842031
          16    0.077804   0.0776691 0.000787699
          17   0.0787748   0.0777341 0.000742768
          18   0.0787732   0.0777918 0.000702663
          19   0.0788684   0.0778485 0.000667064
          20   0.0771728   0.0778147 0.000633733
          21   0.0830656   0.0780648 0.000652602
          22   0.0750824   0.0779292 0.000636828
          23    0.079232   0.0779858 0.000611141
          24   0.0770508   0.0779469 0.000586418
          25   0.0811476   0.0780749 0.000576859
          26    0.079994   0.0781487 0.000559122
          27   0.0753592   0.0780454 0.000547845
          28   0.0740904   0.0779042 0.000546487
          29   0.0716536   0.0776886 0.000569656
          30   0.0843508   0.0779107 0.000593456
          31   0.0820636   0.0780447 0.000589419
          32   0.0807568   0.0781294 0.000576961
          33   0.0768448   0.0780905 0.000560558
          34   0.0784016   0.0780996 0.000543898
          35    0.080436   0.0781664 0.000532331
          36    0.075268   0.0780859  0.00052356
          37    0.081984   0.0781912 0.000519998
          38   0.0782064   0.0781916 0.000506129
          39   0.0757764   0.0781297 0.000496855
          40   0.0801432     0.07818 0.000486884
          41    0.079824   0.0782201  0.00047655
          42   0.0813356   0.0782943 0.000470944
          43   0.0785108   0.0782993 0.000459889
          44    0.078834   0.0783115 0.000449479
          45   0.0728016   0.0781891 0.000456119
          46   0.0820644   0.0782733 0.000453979
          47    0.068504   0.0780654  0.00049044
          48   0.0798756   0.0781032 0.000481593
          49   0.0828088   0.0781992 0.000481339
          50   0.0774504   0.0781842 0.000471852
          51   0.0759196   0.0781398 0.000464634
          52     0.08218   0.0782175 0.000462188
          53    0.080778   0.0782658 0.000455951
          54   0.0747424   0.0782006  0.00045216
          55     0.07899   0.0782149 0.000444095
          56   0.0714396   0.0780939 0.000452564
          57     0.08257   0.0781725 0.000451436
          58   0.0824192   0.0782457 0.000449587
          59   0.0861224   0.0783792 0.000461627
          60   0.0901328   0.0785751 0.000494339
          61   0.0801108   0.0786003 0.000486819
          62   0.0735944   0.0785195 0.000485661
          63   0.0791484   0.0785295 0.000477994
          64    0.080848   0.0785657 0.000471859
          65    0.078948   0.0785716  0.00046458
          66   0.0764208    0.078539 0.000458646
          67   0.0795596   0.0785543 0.000452005
          68   0.0803316   0.0785804 0.000446075
          69    0.074668   0.0785237 0.000443205
          70     0.08533   0.0786209 0.000447518
          71   0.0816756   0.0786639 0.000443263
          72    0.077652   0.0786499 0.000437289
          73   0.0746796   0.0785955 0.000434673
          74   0.0762728   0.0785641 0.000429906
          75   0.0805132   0.0785901 0.000424931
          76   0.0771316   0.0785709 0.000419741
          77   0.0818436   0.0786134 0.000416429
          78   0.0766252   0.0785879 0.000411845
          79     0.07893   0.0785923 0.000406621
          80    0.076528   0.0785664 0.000402335
          81   0.0777304   0.0785561 0.000397471
          82   0.0716652   0.0784721 0.000401487
          83    0.074798   0.0784278 0.000399083
          84   0.0767164   0.0784075 0.000394829
          85   0.0725884    0.078339 0.000396117
          86   0.0794164   0.0783515 0.000391684
          87   0.0749016   0.0783119 0.000389181
          88   0.0772668      0.0783 0.000384917
          89   0.0724152   0.0782339 0.000386269
          90    0.078362   0.0782353 0.000381955
          91   0.0827132   0.0782845 0.000380926
          92   0.0790596   0.0782929 0.000376857
          93   0.0862504   0.0783785 0.000382477
          94    0.082686   0.0784243 0.000381151
          95   0.0727692   0.0783648 0.000381786
          96   0.0828704   0.0784117 0.000380693
          97   0.0767388   0.0783945 0.000377142
          98   0.0820052   0.0784313 0.000375088
          99   0.0830184   0.0784777  0.00037416
         100   0.0811372   0.0785042 0.000371353
           1   0.0509032   0.0509032           0
           2   0.0477676   0.0493354   0.0015678
           3   0.0526104   0.0504271  0.00141812
           4   0.0466364   0.0494794  0.00137971
           5   0.0553576    0.050655   0.0015888
           6   0.0502836   0.0505931  0.00129873
           7    0.047222   0.0501115  0.00119863
           8   0.0511964   0.0502471  0.00104686
           9   0.0488616   0.0500932 0.000935994
          10   0.0494544   0.0500293 0.000839612
          11     0.05167   0.0501785 0.000773966
          12   0.0534768   0.0504533 0.000758112
          13   0.0474148   0.0502196 0.000735489
          14   0.0481508   0.0500718 0.000696781
          15    0.054226   0.0503488 0.000705314
          16   0.0486732    0.050244  0.00066802
          17   0.0528772   0.0503989  0.00064633
          18   0.0485468    0.050296 0.000617992
          19     0.05129   0.0503484 0.000586898
          20   0.0506984   0.0503659 0.000557056
          21   0.0484868   0.0502764 0.000537368
          22   0.0534812   0.0504221 0.000532666
          23   0.0504788   0.0504245 0.000508986
          24   0.0477528   0.0503132 0.000499871
          25   0.0487104   0.0502491 0.000483727
          26   0.0474208   0.0501403  0.00047731
          27   0.0528524   0.0502408 0.000470148
          28    0.052054   0.0503055 0.000457651
          29   0.0557356   0.0504928 0.000479646
          30   0.0530704   0.0505787 0.000471281
          31   0.0480116   0.0504959 0.000463285
          32    0.048846   0.0504443 0.000451527
          33   0.0542804   0.0505606 0.000452807
          34   0.0549168   0.0506887  0.00045759
          35   0.0533736   0.0507654 0.000450898
          36   0.0477336   0.0506812 0.000446213
          37   0.0503592   0.0506725 0.000434073
          38   0.0494952   0.0506415  0.00042363
          39   0.0519992   0.0506763 0.000414091
          40    0.048464    0.050621 0.000407378
          41   0.0491444    0.050585 0.000398946
          42    0.045682   0.0504682 0.000406456
          43   0.0504404   0.0504676 0.000396892
          44   0.0493864    0.050443 0.000388545
          45   0.0555392   0.0505563 0.000396336
          46     0.05193   0.0505861 0.000388773
          47   0.0522284   0.0506211 0.000382013
          48   0.0506096   0.0506208  0.00037397
          49    0.051472   0.0506382  0.00036667
          50   0.0519044   0.0506635 0.000360153
          51      0.0506   0.0506623 0.000353023
          52   0.0507832   0.0506646 0.000346175
          53   0.0544344   0.0507357  0.00034695
          54   0.0498544   0.0507194 0.000340855
          55   0.0546348   0.0507906  0.00034209
          56   0.0505128   0.0507856 0.000335962
          57   0.0512372   0.0507936  0.00033011
          58   0.0477176   0.0507405 0.000328676
          59   0.0484464   0.0507017 0.000325389
          60   0.0564256   0.0507971  0.00033384
          61   0.0515304   0.0508091 0.000328542
          62   0.0503212   0.0508012 0.000323295
          63   0.0497812    0.050785 0.000318534
          64    0.052338   0.0508093 0.000314455
          65   0.0540276   0.0508588 0.000313514
          66   0.0500888   0.0508471 0.000308948
          67   0.0510164   0.0508497 0.000304312
          68   0.0529376   0.0508804 0.000301372
          69   0.0573176   0.0509737 0.000311281
          70   0.0440456   0.0508747 0.000322371
          71   0.0477092   0.0508301  0.00032091
          72   0.0480048   0.0507909 0.000318845
          73   0.0492764   0.0507701 0.000315131
          74   0.0522344   0.0507899 0.000311472
          75   0.0512136   0.0507955 0.000307343
          76   0.0525056    0.050818 0.000304106
          77   0.0511528   0.0508224 0.000300162
          78   0.0517088   0.0508338 0.000296507
          79   0.0494876   0.0508167 0.000293225
          80   0.0532872   0.0508476 0.000291179
          81    0.047126   0.0508017 0.000291209
          82   0.0494188   0.0507848 0.000288129
          83   0.0494696   0.0507689 0.000285078
          84   0.0467424    0.050721 0.000285713
          85   0.0523572   0.0507403 0.000282987
          86    0.049568   0.0507266 0.000280009
          87   0.0443792   0.0506537 0.000286227
          88   0.0549912    0.050703 0.000287217
          89   0.0465416   0.0506562 0.000287795
          90   0.0471292    0.050617 0.000287265
          91   0.0498892    0.050609 0.000284203
          92   0.0512216   0.0506157 0.000281176
          93   0.0504228   0.0506136 0.000278144
          94   0.0506392   0.0506139 0.000275169
          95   0.0503272   0.0506109 0.000272274
          96   0.0481264    0.050585 0.000270663
          97   0.0478068   0.0505563 0.000269385
          98   0.0498136   0.0505488 0.000266729
          99   0.0512464   0.0505558 0.000264115
         100    0.053498   0.0505852 0.000263111
           1    0.035018    0.035018           0
           2   0.0373488   0.0361834   0.0011654
           3   0.0373816   0.0365828 0.000782457
           4   0.0338212   0.0358924 0.000884744
           5   0.0347572   0.0356654 0.000721949
           6   0.0360792   0.0357343  0.00059349
           7   0.0334844   0.0354129 0.000595738
           8   0.0383472   0.0357797 0.000633016
           9   0.0344036   0.0356268 0.000578828
          10   0.0371068   0.0357748 0.000538458
          11   0.0335128   0.0355692 0.000528685
          12   0.0359252   0.0355988 0.000483532
          13   0.0354056    0.035584 0.000445033
          14   0.0358288   0.0356015 0.000412392
          15   0.0361796     0.03564 0.000385846
          16   0.0352808   0.0356175 0.000361623
          17   0.0399652   0.0358733 0.000425196
          18   0.0349972   0.0358246 0.000403822
          19   0.0349972   0.0357811 0.000384452
          20   0.0361684   0.0358004 0.000365237
          21   0.0345864   0.0357426 0.000352187
          22   0.0335088   0.0356411 0.000350813
          23   0.0355344   0.0356365 0.000335245
          24   0.0344996   0.0355891 0.000324449
          25   0.0329108    0.035482 0.000329125
          26   0.0336956   0.0354132 0.000323591
          27    0.032116   0.0352911 0.000334467
          28   0.0355908   0.0353018 0.000322478
          29   0.0355192   0.0353093  0.00031125
          30   0.0352412   0.0353071 0.000300704
          31   0.0390976   0.0354293 0.000315501
          32   0.0386756   0.0355308 0.000321886
          33   0.0354104   0.0355271 0.000312001
          34     0.03618   0.0355463 0.000303294
          35   0.0346928   0.0355219 0.000295509
          36   0.0347728   0.0355011 0.000287936
          37   0.0372796   0.0355492 0.000284141
          38   0.0337512   0.0355019 0.000280581
          39   0.0316164   0.0354023 0.000290885
          40   0.0345176   0.0353801 0.000284381
          41   0.0363092   0.0354028 0.000278282
          42   0.0356312   0.0354082  0.00027163
          43   0.0387652   0.0354863 0.000276488
          44   0.0320512   0.0354082 0.000281187
          45   0.0358648   0.0354184 0.000275054
          46    0.039156   0.0354996 0.000281012
          47   0.0369936   0.0355314 0.000276799
          48   0.0371056   0.0355642 0.000272948
          49   0.0355148   0.0355632 0.000267322
          50   0.0362236   0.0355764 0.000262254
          51   0.0344508   0.0355543 0.000258006
          52   0.0334252   0.0355134 0.000256287
          53   0.0370688   0.0355427 0.000253112
          54   0.0351564   0.0355356 0.000248484
          55   0.0342792   0.0355127 0.000244991
          56   0.0345064   0.0354948 0.000241247
          57      0.0382   0.0355422 0.000241683
          58   0.0399284   0.0356179 0.000249229
          59   0.0343852    0.035597 0.000245858
          60   0.0347152   0.0355823 0.000242172
          61    0.034968   0.0355722 0.000238382
          62   0.0342188   0.0355504 0.000235519
          63   0.0392016   0.0356083 0.000238887
          64    0.034908   0.0355974  0.00023538
          65   0.0388664   0.0356477 0.000237125
          66   0.0357776   0.0356496 0.000233513
          67   0.0386356   0.0356942 0.000234279
          68   0.0366444   0.0357082 0.000231231
          69      0.0356   0.0357066  0.00022786
          70   0.0346604   0.0356917 0.000225078
          71    0.038888   0.0357367 0.000226406
          72   0.0372792   0.0357581 0.000224265
          73   0.0366764   0.0357707 0.000221529
          74    0.036174   0.0357761 0.000218583
          75   0.0364004   0.0357845 0.000215809
          76     0.03095   0.0357209 0.000222249
          77     0.03526   0.0357149 0.000219425
          78   0.0369536   0.0357308 0.000217175
          79   0.0344996   0.0357152 0.000214974
          80   0.0343932   0.0356986 0.000212912
          81   0.0301748   0.0356304  0.00022105
          82   0.0359836   0.0356348  0.00021838
          83   0.0333696   0.0356075 0.000217452
          84   0.0367448    0.035621 0.000215274
          85    0.037128   0.0356387 0.000213464
          86   0.0358164   0.0356408 0.000210977
          87    0.035312    0.035637 0.000208572
          88    0.034322   0.0356221 0.000206729
          89   0.0367476   0.0356347 0.000204784
          90   0.0363244   0.0356424 0.000202641
          91   0.0340348   0.0356247 0.000201179
          92     0.03187   0.0355839 0.000203122
          93   0.0346684   0.0355741 0.000201167
          94   0.0351016    0.035569 0.000199079
          95   0.0359636   0.0355732 0.000197016
          96    0.039506   0.0356142 0.000199211
          97   0.0370016   0.0356285 0.000197665
          98    0.032226   0.0355937 0.000198694
          99    0.036646   0.0356044 0.000196964
         100   0.0347216   0.0355955 0.000195184
           1    0.028158    0.028158           0
           2   0.0267024   0.0274302   0.0007278
           3    0.027412   0.0274241 0.000420239
           4     0.02649   0.0271906  0.00037794
           5   0.0244588   0.0266442 0.000619849
           6    0.030368   0.0272649 0.000800824
           7   0.0251744   0.0269662 0.000739777
           8    0.029796     0.02732 0.000731827
           9   0.0296748   0.0275816 0.000696431
          10   0.0286268   0.0276861 0.000631615
          11    0.027112   0.0276339 0.000573696
          12   0.0294424   0.0277846 0.000544963
          13   0.0270028   0.0277245 0.000504888
          14   0.0251348   0.0275395 0.000502706
          15   0.0285372    0.027606 0.000472696
          16   0.0269944   0.0275678 0.000443816
          17     0.03253   0.0278597 0.000508922
          18   0.0283848   0.0278889 0.000480702
          19   0.0238972   0.0276788 0.000500887
          20   0.0263144   0.0276106 0.000480055
          21   0.0264268   0.0275542  0.00046009
          22   0.0275476   0.0275539 0.000438678
          23     0.02696   0.0275281 0.000419966
          24   0.0285928   0.0275724 0.000404527
          25    0.025298   0.0274815 0.000398532
          26   0.0336092   0.0277171 0.000449618
          27   0.0268068   0.0276834 0.000433957
          28   0.0283692   0.0277079 0.000418888
          29   0.0261456    0.027654  0.00040776
          30   0.0279832    0.027665 0.000394086
          31   0.0294188   0.0277216 0.000385338
          32   0.0279524   0.0277288 0.000373171
          33   0.0268356   0.0277017 0.000362698
          34   0.0253548   0.0276327 0.000358575
          35   0.0275484   0.0276303 0.000348188
          36    0.026148   0.0275891 0.000340874
          37   0.0261812   0.0275511  0.00033371
          38    0.030676   0.0276333 0.000335057
          39   0.0262528   0.0275979 0.000328267
          40   0.0277768   0.0276024 0.000319987
          41   0.0277564   0.0276061 0.000312107
          42   0.0279224   0.0276137 0.000304678
          43   0.0264464   0.0275865 0.000298744
          44   0.0296664   0.0276338 0.000295679
          45   0.0288248   0.0276603 0.000290243
          46    0.027914   0.0276658 0.000283916
          47   0.0258908    0.027628 0.000280365
          48   0.0273544   0.0276223 0.000274521
          49   0.0259552   0.0275883 0.000271005
          50   0.0277088   0.0275907  0.00026554
          51    0.024094   0.0275221  0.00026916
          52    0.027538   0.0275224 0.000263933
          53    0.024254   0.0274608 0.000266149
          54   0.0256816   0.0274278 0.000263244
          55   0.0274948    0.027429 0.000258416
          56   0.0271152   0.0274234 0.000253821
          57   0.0292632   0.0274557 0.000251409
          58   0.0269232   0.0274465 0.000247207
          59   0.0276972   0.0274508 0.000243018
          60     0.02762   0.0274536  0.00023895
          61   0.0278992   0.0274609 0.000235114
          62   0.0281712   0.0274724 0.000231574
          63   0.0251424   0.0274354  0.00023085
          64   0.0265064   0.0274209 0.000227678
          65   0.0277188   0.0274254 0.000224195
          66    0.027728     0.02743 0.000220819
          67   0.0283296   0.0274435 0.000217912
          68   0.0279476   0.0274509 0.000214812
          69   0.0280408   0.0274594 0.000211848
          70   0.0269428    0.027452  0.00020893
          71    0.028428   0.0274658 0.000206425
          72   0.0267804   0.0274563  0.00020376
          73    0.026652   0.0274452 0.000201251
          74   0.0264164   0.0274313 0.000198999
          75   0.0268672   0.0274238 0.000196472
          76   0.0285584   0.0274388 0.000194444
          77   0.0293724   0.0274639 0.000193538
          78   0.0249856   0.0274321 0.000193665
          79   0.0272564   0.0274299  0.00019121
          80    0.024102   0.0273883 0.000193333
          81    0.027148   0.0273853 0.000190955
          82   0.0269648   0.0273802 0.000188681
          83   0.0278792   0.0273862 0.000186491
          84   0.0267552   0.0273787 0.000184411
          85   0.0257796   0.0273599 0.000183197
          86   0.0264564   0.0273494 0.000181359
          87   0.0266364   0.0273412 0.000179449
          88   0.0265816   0.0273325 0.000177608
          89   0.0256176   0.0273133 0.000176655
          90   0.0276172   0.0273166 0.000174714
          91    0.026758   0.0273105 0.000172892
          92    0.026644   0.0273033 0.000171156
          93    0.026784   0.0272977 0.000169398
          94   0.0296448   0.0273226 0.000169436
          95   0.0306332   0.0273575 0.000171227
          96     0.02649   0.0273485 0.000169674
          97   0.0247776    0.027322 0.000169995
          98   0.0257048   0.0273054 0.000169058
          99   0.0273904   0.0273063 0.000167344
         100   0.0290344   0.0273236 0.000166561
           1   0.0232752   0.0232752           0
           2   0.0199532   0.0216142    0.001661
           3   0.0194608   0.0208964  0.00119786
           4   0.0224104   0.0212749  0.00092774
           5   0.0221544   0.0214508 0.000739839
           6   0.0218288   0.0215138 0.000607352
           7   0.0227084   0.0216845 0.000540932
           8   0.0220596   0.0217314 0.000470802
           9     0.02344   0.0219212 0.000456553
          10    0.021112   0.0218403 0.000416294
          11   0.0171728    0.021416 0.000567306
          12   0.0197792   0.0212796 0.000535538
          13   0.0220556   0.0213393 0.000496227
          14   0.0191068   0.0211798 0.000486304
          15   0.0227004   0.0212812 0.000463935
          16   0.0231316   0.0213968 0.000449118
          17    0.021142   0.0213818 0.000422139
          18    0.020846   0.0213521 0.000399108
          19   0.0216848   0.0213696 0.000377924
          20   0.0216488   0.0213835 0.000358802
          21    0.021626   0.0213951 0.000341484
          22   0.0221032   0.0214273  0.00032718
          23   0.0186416   0.0213062 0.000335272
          24   0.0199656   0.0212503 0.000325822
          25     0.02135   0.0212543 0.000312543
          26   0.0208128   0.0212373 0.000300761
          27   0.0206584   0.0212159 0.000290201
          28    0.023352   0.0212922 0.000289864
          29   0.0213304   0.0212935 0.000279693
          30   0.0211276   0.0212879 0.000270266
          31   0.0216336   0.0212991  0.00026164
          32   0.0191076   0.0212306 0.000262426
          33   0.0240832   0.0213171 0.000268637
          34   0.0215244   0.0213232 0.000260687
          35   0.0224936   0.0213566 0.000255329
          36   0.0219436   0.0213729  0.00024867
          37   0.0228412   0.0214126  0.00024509
          38   0.0190052   0.0213492 0.000246822
          39   0.0207708   0.0213344 0.000240867
          40   0.0216532   0.0213424 0.000234903
          41    0.019914   0.0213075 0.000231736
          42   0.0240084   0.0213718 0.000235116
          43    0.020576   0.0213533 0.000230328
          44   0.0191636   0.0213036  0.00023047
          45   0.0204192   0.0212839 0.000226146
          46    0.020634   0.0212698 0.000221626
          47    0.020248    0.021248 0.000217946
          48   0.0212192   0.0212474 0.000213358
          49   0.0238576   0.0213007 0.000215641
          50   0.0206156    0.021287 0.000211728
          51    0.023088   0.0213223 0.000210518
          52     0.02166   0.0213288 0.000206532
          53   0.0202948   0.0213093 0.000203535
          54   0.0216596   0.0213158 0.000199836
          55   0.0228388   0.0213435 0.000198113
          56   0.0234776   0.0213816 0.000198241
          57    0.020174   0.0213604 0.000195881
          58   0.0206844   0.0213488 0.000192827
          59     0.02131   0.0213481 0.000189531
          60   0.0211988   0.0213456 0.000186362
          61   0.0209548   0.0213392 0.000183394
          62   0.0198448   0.0213151 0.000182015
          63   0.0202768   0.0212986 0.000179859
          64   0.0185052    0.021255 0.000182328
          65   0.0227088   0.0212773 0.000180889
          66   0.0209808   0.0212728 0.000178184
          67   0.0226312   0.0212931 0.000176671
          68   0.0228152   0.0213155 0.000175487
          69    0.022254   0.0213291 0.000173459
          70   0.0218916   0.0213371 0.000171152
          71   0.0187336   0.0213005 0.000172663
          72   0.0230684    0.021325  0.00017201
          73   0.0212992   0.0213247 0.000169637
          74    0.019082   0.0212944 0.000170052
          75   0.0210596   0.0212912 0.000167798
          76   0.0212448   0.0212906 0.000165577
          77   0.0228284   0.0213106 0.000164628
          78      0.0233   0.0213361 0.000164493
          79   0.0235048   0.0213635 0.000164701
          80   0.0196404    0.021342  0.00016405
          81   0.0204368   0.0213308 0.000162397
          82   0.0198056   0.0213122 0.000161479
          83   0.0206572   0.0213043 0.000159717
          84   0.0221068   0.0213139 0.000158093
          85    0.020722   0.0213069 0.000156377
          86   0.0233648   0.0213309 0.000156389
          87   0.0210348   0.0213275 0.000154619
          88    0.020056    0.021313 0.000153533
          89   0.0221136    0.021322 0.000152064
          90   0.0195292   0.0213021 0.000151679
          91   0.0234744    0.021326 0.000151891
          92   0.0207276   0.0213195 0.000150371
          93   0.0220356   0.0213272 0.000148945
          94   0.0201976   0.0213151 0.000147841
          95   0.0212896   0.0213149 0.000146277
          96   0.0217976   0.0213199 0.000144832
          97    0.022466   0.0213317 0.000143817
          98   0.0198208   0.0213163 0.000143175
          99    0.021502   0.0213182 0.000141734
         100   0.0222764   0.0213278 0.000140636
           1    0.018882    0.018882           0
           2   0.0179988   0.0184404   0.0004416
           3   0.0177344   0.0182051 0.000346966
           4   0.0173852   0.0180001 0.000319694
           5   0.0192892   0.0182579 0.000357482
           6    0.016402   0.0179486 0.000425293
           7   0.0175528   0.0178921 0.000363859
           8   0.0155996   0.0176055 0.000425922
           9    0.018304   0.0176831 0.000383562
          10   0.0185876   0.0177736 0.000354792
          11    0.017844     0.01778 0.000320985
          12   0.0183108   0.0178242 0.000296338
          13   0.0180024   0.0178379 0.000272936
          14   0.0216528   0.0181104 0.000371624
          15   0.0179844    0.018102 0.000346065
          16   0.0175324   0.0180664 0.000325665
          17   0.0203444   0.0182004 0.000333971
          18   0.0184828   0.0182161 0.000315261
          19   0.0190912   0.0182621 0.000301743
          20    0.018426   0.0182703 0.000286376
          21   0.0173964   0.0182287 0.000275559
          22    0.017608   0.0182005 0.000264246
          23     0.01776   0.0181814 0.000253221
          24   0.0168568   0.0181262 0.000248643
          25   0.0176764   0.0181082 0.000239167
          26    0.016908    0.018062 0.000234375
          27   0.0183328    0.018072 0.000225751
          28   0.0162848   0.0180082  0.00022671
          29   0.0153432   0.0179163 0.000237272
          30    0.018326     0.01793 0.000229633
          31   0.0178776   0.0179283 0.000222108
          32     0.01897   0.0179608 0.000217505
          33   0.0200556   0.0180243 0.000220161
          34   0.0188356   0.0180482 0.000214916
          35   0.0164212   0.0180017   0.0002138
          36   0.0206064    0.018074 0.000220013
          37   0.0201596   0.0181304 0.000221284
          38   0.0184316   0.0181383 0.000215527
          39    0.016008   0.0180837 0.000216919
          40   0.0189416   0.0181052 0.000212511
          41     0.01922   0.0181324 0.000209039
          42   0.0173112   0.0181128 0.000204936
          43    0.015894   0.0180612 0.000206659
          44   0.0156748    0.018007 0.000209065
          45   0.0195868   0.0180421  0.00020736
          46   0.0183972   0.0180498 0.000202949
          47   0.0193756    0.018078 0.000200578
          48   0.0188952    0.018095 0.000197091
          49    0.017412   0.0180811  0.00019353
          50   0.0161316   0.0180421 0.000193587
          51   0.0152992   0.0179883 0.000197227
          52   0.0185972       0.018 0.000193752
          53   0.0164216   0.0179702  0.00019238
          54   0.0188824   0.0179871 0.000189538
          55      0.0172   0.0179728 0.000186609
          56    0.016582    0.017948 0.000184922
          57    0.019252   0.0179709 0.000183084
          58   0.0178112   0.0179681 0.000179921
          59   0.0183396   0.0179744 0.000176957
          60   0.0187928    0.017988 0.000174517
          61   0.0174244   0.0179788  0.00017188
          62   0.0178784   0.0179772 0.000169093
          63   0.0155476   0.0179386 0.000170798
          64    0.016524   0.0179165 0.000169555
          65   0.0174016   0.0179086 0.000167114
          66   0.0175932   0.0179038 0.000164632
          67   0.0179832    0.017905  0.00016216
          68    0.013268   0.0178368 0.000173703
          69   0.0162576   0.0178139  0.00017269
          70   0.0170328   0.0178028 0.000170571
          71   0.0179692   0.0178051 0.000168168
          72   0.0181404   0.0178098 0.000165881
          73   0.0184196   0.0178181 0.000163806
          74   0.0170336   0.0178075 0.000161924
          75   0.0161944    0.017786 0.000161192
          76   0.0200896   0.0178163 0.000161919
          77   0.0196336   0.0178399 0.000161536
          78   0.0174152   0.0178345 0.000159545
          79   0.0185576   0.0178436 0.000157778
          80   0.0177556   0.0178425 0.000155797
          81   0.0198164   0.0178669  0.00015578
          82    0.018766   0.0178779 0.000154258
          83   0.0187832   0.0178888 0.000152778
          84   0.0185396   0.0178965 0.000151147
          85    0.016512   0.0178802 0.000150244
          86   0.0162644   0.0178614 0.000149671
          87   0.0207808    0.017895 0.000151698
          88   0.0172468   0.0178876 0.000150145
          89   0.0194476   0.0179052  0.00014948
          90   0.0173096   0.0178985 0.000147958
          91    0.017882   0.0178984 0.000146323
          92   0.0163872   0.0178819 0.000145653
          93    0.017436   0.0178771 0.000144158
          94   0.0157492   0.0178545 0.000144401
          95   0.0186412   0.0178628 0.000143113
          96    0.016482   0.0178484 0.000142343
          97   0.0165244   0.0178348 0.000141528
          98   0.0171924   0.0178282 0.000140229
          99   0.0179484   0.0178294 0.000138811
         100     0.01878   0.0178389 0.000137744
           1   0.0137676   0.0137676           0
           2   0.0136148   0.0136912    7.64e-05
           3   0.0147096   0.0140307  0.00034232
           4   0.0166452   0.0146843 0.000697014
           5   0.0150956   0.0147666 0.000546135
           6   0.0146692   0.0147503 0.000446213
           7   0.0154416   0.0148491 0.000389834
           8   0.0136968    0.014705 0.000367048
           9   0.0134464   0.0145652 0.000352624
          10   0.0145392   0.0145626 0.000315407
          11   0.0134268   0.0144593 0.000303406
          12   0.0133612   0.0143678 0.000291697
          13    0.016648   0.0145432 0.000320564
          14    0.015314   0.0145983 0.000301848
          15   0.0142832   0.0145773 0.000281789
          16   0.0158076   0.0146542 0.000274577
          17   0.0158448   0.0147242  0.00026726
          18   0.0157004   0.0147784 0.000257745
          19       0.013   0.0146848 0.000261153
          20   0.0169384   0.0147975 0.000272171
          21   0.0164548   0.0148764 0.000270648
          22     0.01328   0.0148039 0.000268061
          23   0.0147684   0.0148023 0.000256146
          24   0.0145768   0.0147929 0.000245421
          25   0.0138836   0.0147566 0.000238193
          26   0.0130408   0.0146906 0.000238173
          27   0.0119772   0.0145901 0.000250248
          28   0.0142016   0.0145762 0.000241543
          29   0.0160176   0.0146259 0.000238307
          30   0.0149812   0.0146377  0.00023053
          31   0.0129376   0.0145829 0.000229616
          32    0.015484   0.0146111 0.000224101
          33   0.0150692   0.0146249 0.000217647
          34   0.0157168   0.0146571 0.000213577
          35   0.0139964   0.0146382 0.000208242
          36   0.0143804    0.014631 0.000202501
          37   0.0136872   0.0146055 0.000198597
          38   0.0146416   0.0146065 0.000193303
          39   0.0144772   0.0146031  0.00018831
          40   0.0163956    0.014648 0.000188933
          41   0.0133304   0.0146158 0.000187049
          42   0.0154524   0.0146357 0.000183624
          43   0.0145356   0.0146334 0.000179318
          44   0.0147468    0.014636 0.000175214
          45   0.0155304   0.0146559 0.000172426
          46   0.0154744   0.0146737 0.000169572
          47   0.0153216   0.0146874 0.000166497
          48   0.0172092     0.01474 0.000171249
          49   0.0137388   0.0147196 0.000168958
          50   0.0148016   0.0147212 0.000165552
          51   0.0154988   0.0147364 0.000162988
          52   0.0175932   0.0147914 0.000169002
          53   0.0164032   0.0148218 0.000168549
          54   0.0143124   0.0148124 0.000165667
          55   0.0145752    0.014808 0.000162684
          56   0.0158472   0.0148266 0.000160827
          57     0.01788   0.0148802 0.000166815
          58   0.0158212   0.0148964 0.000164715
          59    0.014276   0.0148859  0.00016224
          60    0.014718   0.0148831 0.000159537
          61   0.0144508    0.014876  0.00015706
          62   0.0150176   0.0148783 0.000154523
          63   0.0147828   0.0148768 0.000152058
          64   0.0143968   0.0148693 0.000149851
          65   0.0148616   0.0148691 0.000147528
          66   0.0141572   0.0148584 0.000145675
          67   0.0153944   0.0148664 0.000143707
          68   0.0140028   0.0148537 0.000142147
          69   0.0139068   0.0148399 0.000140742
          70   0.0173028   0.0148751 0.000143109
          71   0.0153168   0.0148813 0.000141216
          72   0.0151052   0.0148844 0.000139276
          73   0.0144868    0.014879 0.000137463
          74   0.0142076   0.0148699 0.000135896
          75   0.0146772   0.0148674 0.000134096
          76   0.0149548   0.0148685 0.000132325
          77   0.0156272   0.0148784 0.000130966
          78   0.0152232   0.0148828 0.000129352
          79     0.01795   0.0149216 0.000133476
          80   0.0148588   0.0149208 0.000131799
          81   0.0169416   0.0149458 0.000132531
          82   0.0154384   0.0149518 0.000131042
          83     0.01624   0.0149673 0.000130381
          84   0.0169996   0.0149915 0.000131072
          85   0.0143456   0.0149839 0.000129743
          86   0.0156496   0.0149916 0.000128459
          87   0.0125532   0.0149636 0.000130031
          88    0.016402     0.01498  0.00012958
          89   0.0163528   0.0149954 0.000129041
          90    0.014668   0.0149917 0.000127651
          91    0.013728   0.0149779 0.000127002
          92   0.0159092    0.014988 0.000126021
          93   0.0147476   0.0149854 0.000124685
          94   0.0154472   0.0149903  0.00012345
          95   0.0166404   0.0150077 0.000123372
          96   0.0156948   0.0150148  0.00012229
          97    0.012162   0.0149854 0.000124545
          98   0.0130064   0.0149652 0.000124911
          99   0.0163392   0.0149791 0.000124419
         100    0.016192   0.0149912 0.000123764
           1   0.0134508   0.0134508           0
           2     0.01316   0.0133054   0.0001454
           3   0.0109536   0.0125215 0.000788415
           4   0.0129236    0.012622 0.000566486
           5   0.0129968    0.012697 0.000445155
           6    0.012054   0.0125898 0.000378935
           7   0.0149532   0.0129274 0.000465359
           8   0.0138352   0.0130409 0.000418682
           9   0.0120508   0.0129309 0.000385283
          10   0.0130796   0.0129458 0.000344928
          11   0.0128012   0.0129326 0.000312276
          12   0.0134908   0.0129791 0.000288838
          13   0.0136508   0.0130308 0.000270669
          14   0.0116872   0.0129348  0.00026834
          15   0.0142688   0.0130238 0.000265168
          16   0.0125828   0.0129962 0.000249569
          17   0.0118652   0.0129297 0.000243686
          18   0.0129984   0.0129335 0.000229781
          19   0.0130352   0.0129388 0.000217417
          20   0.0130844   0.0129461 0.000206389
          21   0.0129944   0.0129484 0.000196328
          22   0.0116288   0.0128884 0.000196567
          23   0.0117496   0.0128389 0.000194243
          24   0.0110604   0.0127648 0.000200194
          25   0.0121584   0.0127406 0.000193546
          26    0.014518   0.0128089 0.000198121
          27   0.0126392   0.0128026 0.000190746
          28   0.0130224   0.0128105 0.000183975
          29      0.0117   0.0127722   0.0001816
          30    0.012792   0.0127729 0.000175444
          31   0.0114268   0.0127294 0.000175157
          32   0.0120568   0.0127084 0.000170893
          33   0.0134096   0.0127297 0.000166991
          34    0.012724   0.0127295 0.000162005
          35   0.0122732   0.0127165 0.000157848
          36   0.0108288    0.012664 0.000162114
          37   0.0138568   0.0126963 0.000160934
          38   0.0125132   0.0126914 0.000156716
          39   0.0123524   0.0126827 0.000152892
          40   0.0128648   0.0126873  0.00014909
          41   0.0122072   0.0126756 0.000145879
          42   0.0133404   0.0126914  0.00014324
          43   0.0152776   0.0127516 0.000152252
          44   0.0122564   0.0127403 0.000149177
          45   0.0121344   0.0127268 0.000146444
          46   0.0136368   0.0127466 0.000144585
          47   0.0123496   0.0127382 0.000141727
          48   0.0147436     0.01278 0.000144897
          49    0.012366   0.0127715 0.000142161
          50   0.0122292   0.0127607  0.00013971
          51   0.0125636   0.0127568 0.000136998
          52   0.0142936   0.0127864  0.00013755
          53   0.0129228   0.0127889 0.000134954
          54   0.0130668   0.0127941 0.000132531
          55   0.0148184   0.0128309 0.000135206
          56     0.01447   0.0128602 0.000135957
          57   0.0129572   0.0128619 0.000133562
          58   0.0128984   0.0128625  0.00013124
          59   0.0124084   0.0128548 0.000129226
          60     0.01427   0.0128784 0.000129225
          61   0.0138808   0.0128948 0.000128147
          62    0.011654   0.0128748 0.000127642
          63   0.0126076   0.0128706 0.000125671
          64   0.0118752    0.012855 0.000124666
          65   0.0142456   0.0128764 0.000124583
          66   0.0147192   0.0129043 0.000125818
          67   0.0115584   0.0128842 0.000125544
          68     0.01255   0.0128793 0.000123781
          69   0.0140556   0.0128964  0.00012316
          70   0.0114588   0.0128758 0.000123113
          71    0.011428   0.0128554 0.000123067
          72    0.011456    0.012836 0.000122893
          73   0.0138356   0.0128497 0.000121969
          74   0.0131676    0.012854 0.000120386
          75   0.0138876   0.0128678 0.000119567
          76   0.0123652   0.0128612 0.000118168
          77   0.0129664   0.0128625 0.000116632
          78   0.0142512   0.0128803 0.000116495
          79   0.0121088   0.0128706 0.000115425
          80   0.0107572   0.0128441 0.000116994
          81   0.0157064   0.0128795 0.000120824
          82   0.0113336   0.0128606 0.000120821
          83   0.0120716   0.0128511 0.000119735
          84    0.013802   0.0128624 0.000118841
          85   0.0128996   0.0128629 0.000117435
          86   0.0141636    0.012878 0.000117043
          87   0.0116072   0.0128634 0.000116608
          88    0.012972   0.0128646 0.000115282
          89   0.0140376   0.0128778 0.000114739
          90   0.0119836   0.0128679 0.000113891
          91   0.0120936   0.0128594 0.000112954
          92   0.0147572     0.01288 0.000113608
          93    0.012206   0.0128727 0.000112613
          94   0.0129104   0.0128731 0.000111409
          95   0.0142696   0.0128878 0.000111206
          96   0.0112212   0.0128705 0.000111403
          97   0.0125292    0.012867 0.000110304
          98   0.0128272   0.0128666 0.000109174
          99   0.0114728   0.0128525 0.000108978
         100    0.014658   0.0128705 0.000109384
