           1    0.327464    0.327464           0
           2    0.333514    0.330489  0.00302478
           3    0.338669    0.333216  0.00323788
           4    0.321131    0.330194  0.00379069
           5    0.331768    0.330509  0.00295307
           6    0.318499    0.328507  0.00313374
           7    0.349033     0.33144  0.00395131
           8    0.333697    0.331722  0.00343354
           9    0.344809    0.333176  0.00335915
          10    0.319276    0.331786  0.00331047
          11    0.313168    0.330093  0.00343966
          12    0.336715    0.330645  0.00318809
          13     0.30054     0.32833  0.00373672
          14    0.316421    0.327479  0.00356256
          15    0.324875    0.327305   0.0033211
          16    0.348499     0.32863  0.00337722
          17    0.305891    0.327292   0.0034428
          18    0.324489    0.327137  0.00324963
          19    0.312144    0.326348  0.00317351
          20    0.341398      0.3271  0.00310328
          21     0.31041    0.326305  0.00305693
          22    0.310681    0.325595  0.00299994
          23    0.308356    0.324846  0.00296291
          24    0.308918    0.324182  0.00291336
          25    0.314714    0.323803  0.00281995
          26    0.324283    0.323822  0.00270938
          27    0.324499    0.323847  0.00260723
          28     0.33638    0.324294  0.00255195
          29    0.342381    0.324918  0.00254013
          30    0.335487     0.32527  0.00247916
          31    0.329653    0.325412  0.00240202
          32    0.333744    0.325672  0.00234028
          33    0.336696    0.326006  0.00229272
          34    0.318148    0.325775  0.00223624
          35    0.321819    0.325662  0.00217435
          36     0.33434    0.325903  0.00212679
          37    0.333643    0.326112  0.00207906
          38     0.34416    0.326587   0.0020786
          39    0.332553     0.32674  0.00203037
          40    0.341457    0.327108  0.00201287
          41    0.344416     0.32753  0.00200804
          42    0.346835     0.32799  0.00201283
          43    0.355747    0.328635  0.00206875
          44    0.298872    0.327959  0.00213137
          45    0.326714    0.327931  0.00208365
          46     0.30509    0.327435  0.00209748
          47    0.326113    0.327407  0.00205256
          48      0.3238    0.327331  0.00201075
          49    0.310618     0.32699  0.00199861
          50    0.350033    0.327451  0.00201172
          51    0.324065    0.327385    0.001973
          52    0.334355    0.327519  0.00193933
          53    0.348054    0.327906  0.00194144
          54    0.324371    0.327841  0.00190627
          55    0.342276    0.328103  0.00188961
          56    0.342545    0.328361  0.00187339
          57    0.357019    0.328864  0.00190768
          58    0.332621    0.328929  0.00187562
          59    0.324712    0.328857  0.00184494
          60    0.307042    0.328494  0.00185001
          61      0.3342    0.328587  0.00182183
          62      0.3362     0.32871  0.00179641
          63    0.314815    0.328489  0.00178137
          64    0.301605    0.328069  0.00180293
          65    0.353465     0.32846  0.00181747
          66    0.337407    0.328596  0.00179485
          67    0.339358    0.328756  0.00177514
          68    0.341781    0.328948   0.0017593
          69    0.298354    0.328504  0.00178941
          70    0.341632    0.328692  0.00177361
          71    0.335258    0.328784  0.00175089
          72    0.341504    0.328961  0.00173542
          73    0.345978    0.329194  0.00172728
          74    0.339981     0.32934  0.00171001
          75    0.341637    0.329504    0.001695
          76    0.334389    0.329568  0.00167378
          77    0.318899     0.32943   0.0016577
          78    0.303046    0.329091  0.00167091
          79    0.348265    0.329334  0.00166738
          80     0.36199    0.329742  0.00169626
          81    0.300617    0.329383  0.00171334
          82    0.310204    0.329149   0.0017084
          83    0.338147    0.329257  0.00169117
          84    0.324301    0.329198  0.00167196
          85    0.324588    0.329144  0.00165306
          86    0.312666    0.328952  0.00164492
          87    0.342345    0.329106  0.00163318
          88    0.321483     0.32902  0.00161683
          89    0.333662    0.329072  0.00159942
          90    0.318468    0.328954  0.00158593
          91    0.340883    0.329085  0.00157387
          92    0.322815    0.329017  0.00155816
          93    0.336929    0.329102  0.00154366
          94     0.33147    0.329127  0.00152736
          95    0.333837    0.329177  0.00151201
          96    0.292446    0.328794  0.00154432
          97    0.305357    0.328553   0.0015473
          98    0.323771    0.328504  0.00153221
          99    0.340278    0.328623  0.00152131
         100    0.316607    0.328503   0.0015108
           1    0.440265    0.440265           0
           2    0.444162    0.442214  0.00194829
           3    0.440126    0.441518   0.0013227
           4    0.444855    0.442352   0.0012534
           5    0.422759    0.438433  0.00403719
           6    0.433038    0.437534  0.00341679
           7    0.435175    0.437197  0.00290731
           8    0.430281    0.436333  0.00266212
           9    0.435055    0.436191  0.00235206
          10    0.439002    0.436472  0.00212244
          11    0.436889     0.43651   0.0019202
          12    0.433769    0.436281  0.00176771
          13    0.442485    0.436759  0.00169463
          14    0.437056     0.43678  0.00156907
          15    0.429427     0.43629  0.00154078
          16    0.430464    0.435926  0.00148654
          17     0.43675    0.435974  0.00139721
          18    0.443872    0.436413  0.00138846
          19    0.429836    0.436067   0.0013582
          20    0.436587    0.436093  0.00128877
          21    0.434271    0.436006  0.00122893
          22    0.433959    0.435913  0.00117542
          23    0.443271    0.436233  0.00116783
          24    0.440714     0.43642   0.0011336
          25    0.432394    0.436259  0.00109917
          26    0.439245    0.436373  0.00106228
          27    0.445952    0.436728  0.00108199
          28    0.443053    0.436954  0.00106682
          29     0.43772     0.43698  0.00102972
          30    0.435559    0.436933 0.000995929
          31    0.444334    0.437172 0.000992413
          32    0.428015    0.436886   0.0010026
          33     0.43383    0.436793 0.000976142
          34    0.433141    0.436686 0.000953069
          35    0.439332    0.436761 0.000928521
          36    0.433318    0.436666 0.000907414
          37    0.444201    0.436869 0.000905745
          38    0.443474    0.437043 0.000898557
          39    0.436623    0.437032  0.00087528
          40    0.447545    0.437295 0.000892685
          41    0.432733    0.437184 0.000877721
          42    0.431116    0.437039 0.000868666
          43    0.445272    0.437231 0.000869565
          44    0.435513    0.437192 0.000850469
          45    0.442664    0.437313   0.0008402
          46    0.425146    0.437049 0.000863252
          47    0.442655    0.437168 0.000853064
          48    0.443566    0.437302 0.000845673
          49    0.436613    0.437287 0.000828353
          50     0.44528    0.437447 0.000827211
          51    0.434152    0.437383 0.000813399
          52    0.430108    0.437243 0.000809779
          53     0.44644    0.437416 0.000813086
          54    0.447493    0.437603 0.000819415
          55    0.439632     0.43764 0.000805224
          56    0.435744    0.437606 0.000791439
          57    0.438896    0.437629 0.000777759
          58    0.447827    0.437804 0.000784201
          59    0.446353    0.437949 0.000784295
          60    0.436633    0.437927 0.000771425
          61    0.434137    0.437865 0.000761213
          62    0.444374     0.43797 0.000756158
          63    0.423378    0.437739 0.000779277
          64    0.436966    0.437727 0.000767099
          65    0.441389    0.437783 0.000757305
          66    0.424181    0.437577 0.000773694
          67    0.438875    0.437596 0.000762305
          68    0.440301    0.437636 0.000752064
          69    0.439518    0.437663 0.000741586
          70    0.438818     0.43768 0.000731102
          71    0.431425    0.437592 0.000726095
          72    0.436992    0.437583 0.000715987
          73    0.435922    0.437561 0.000706478
          74     0.44188    0.437619 0.000699305
          75    0.421909    0.437409 0.000721014
          76    0.444845    0.437507 0.000718159
          77    0.433994    0.437462 0.000710238
          78    0.455351    0.437691 0.000737634
          79    0.445717    0.437793 0.000735289
          80    0.442192    0.437848  0.00072812
          81    0.442321    0.437903 0.000721192
          82    0.443828    0.437975 0.000715998
          83    0.435099     0.43794 0.000708167
          84    0.436245     0.43792 0.000699977
          85     0.41788    0.437684  0.00073077
          86    0.434926    0.437652 0.000722935
          87    0.447122    0.437761 0.000722818
          88     0.43641    0.437746 0.000714722
          89    0.436832    0.437736 0.000706721
          90     0.42746    0.437621 0.000708089
          91    0.429692    0.437534 0.000705665
          92    0.447411    0.437642  0.00070616
          93    0.433932    0.437602 0.000699664
          94    0.422985    0.437446 0.000709433
          95    0.444842    0.437524 0.000706229
          96    0.435341    0.437501 0.000699203
          97    0.437425    0.437501 0.000691958
          98    0.426502    0.437388 0.000693995
          99    0.432403    0.437338 0.000688792
         100      0.4404    0.437369 0.000682557
           1    0.423227    0.423227           0
           2     0.41986    0.421543  0.00168364
           3    0.412603    0.418563  0.00313456
           4    0.420425    0.419029  0.00226479
           5    0.424085     0.42004  0.00202494
           6    0.425465    0.420944  0.00188441
           7    0.421012    0.420954  0.00159265
           8    0.425664    0.421542  0.00149969
           9     0.42211    0.421606  0.00132411
          10    0.417482    0.421193  0.00125404
          11    0.419157    0.421008  0.00114933
          12    0.414935    0.420502  0.00116488
          13    0.418977    0.420385  0.00107793
          14    0.415964    0.420069  0.00104672
          15    0.425144    0.420407  0.00103151
          16    0.421522    0.420477   0.0009674
          17    0.421539    0.420539 0.000910857
          18    0.422147    0.420629 0.000863397
          19    0.421843    0.420693 0.000819188
          20    0.423454    0.420831 0.000789322
          21    0.422522    0.420911 0.000755101
          22    0.416793    0.420724 0.000743904
          23    0.423168     0.42083  0.00071872
          24    0.418928    0.420751 0.000692672
          25    0.416788    0.420593 0.000683039
          26    0.418621    0.420517 0.000660611
          27    0.421648    0.420559 0.000637051
          28    0.421845    0.420604 0.000615595
          29    0.420738    0.420609 0.000594006
          30    0.417879    0.420518 0.000581033
          31    0.422753     0.42059 0.000566583
          32    0.415756    0.420439 0.000569014
          33    0.419763    0.420419 0.000551882
          34    0.418026    0.420348 0.000540007
          35     0.41673    0.420245 0.000534448
          36     0.41909    0.420213 0.000520379
          37    0.419416    0.420191 0.000506578
          38    0.412369    0.419985 0.000534317
          39     0.42512    0.420117 0.000536832
          40    0.423378    0.420199 0.000529552
          41    0.419177    0.420174 0.000517074
          42    0.421402    0.420203  0.00050546
          43     0.42259    0.420258 0.000496676
          44    0.420983    0.420275 0.000485536
          45    0.422212    0.420318 0.000476571
          46    0.420301    0.420318 0.000466096
          47    0.427173    0.420463 0.000478828
          48    0.412749    0.420303  0.00049553
          49    0.416901    0.420233  0.00049025
          50    0.423185    0.420292 0.000483959
          51    0.418139     0.42025  0.00047625
          52    0.420385    0.420253 0.000467008
          53    0.415671    0.420166 0.000466196
          54    0.421334    0.420188 0.000457992
          55    0.419506    0.420176 0.000449759
          56    0.418433    0.420144 0.000442749
          57    0.419588    0.420135 0.000435022
          58    0.416754    0.420076 0.000431411
          59    0.420411    0.420082 0.000424074
          60    0.424776     0.42016 0.000424222
          61    0.413483    0.420051 0.000431329
          62    0.419548    0.420043 0.000424392
          63    0.417857    0.420008  0.00041904
          64    0.419907    0.420006 0.000412443
          65    0.420767    0.420018 0.000406217
          66     0.41827    0.419992 0.000400891
          67    0.419996    0.419992 0.000394862
          68    0.428605    0.420118 0.000409113
          69    0.422959     0.42016 0.000405236
          70    0.421677    0.420181 0.000399993
          71    0.419276    0.420168 0.000394525
          72    0.418628    0.420147 0.000389595
          73    0.418175     0.42012  0.00038517
          74     0.42401    0.420173 0.000383549
          75     0.41672    0.420127 0.000381189
          76    0.420315    0.420129 0.000376149
          77    0.423736    0.420176 0.000374174
          78    0.422372    0.420204 0.000370418
          79     0.42134    0.420218 0.000365982
          80    0.422028    0.420241 0.000362085
          81    0.416799    0.420199 0.000360103
          82    0.413215    0.420113 0.000365737
          83    0.419772    0.420109 0.000361327
          84    0.421223    0.420123 0.000357246
          85    0.422014    0.420145 0.000353719
          86     0.42121    0.420157 0.000349801
          87    0.420514    0.420161 0.000345781
          88    0.418796    0.420146 0.000342181
          89    0.418658    0.420129 0.000338727
          90    0.417492      0.4201 0.000336221
          91    0.414339    0.420036  0.00033848
          92    0.416919    0.420003 0.000336491
          93    0.424152    0.420047  0.00033583
          94    0.419141    0.420038 0.000332378
          95    0.430467    0.420147 0.000346701
          96     0.42095    0.420156 0.000343172
          97    0.421103    0.420165 0.000339757
          98    0.423091    0.420195 0.000337594
          99    0.418816    0.420181 0.000334457
         100    0.420104    0.420181 0.000331096
           1    0.360357    0.360357           0
           2    0.358732    0.359544 0.000812273
           3    0.353146    0.357412  0.00218372
           4    0.357281    0.357379  0.00154446
           5    0.358618    0.357627  0.00122174
           6     0.35646    0.357432  0.00101632
           7    0.357707    0.357472 0.000859845
           8    0.356632    0.357367 0.000752005
           9    0.354854    0.357087 0.000719578
          10    0.357385    0.357117 0.000644299
          11    0.353546    0.356793 0.000667112
          12     0.35538    0.356675 0.000620255
          13    0.357738    0.356757 0.000576386
          14    0.357309    0.356796 0.000535086
          15     0.35509    0.356682 0.000510953
          16    0.357173    0.356713 0.000478934
          17    0.356853    0.356721 0.000449955
          18    0.360999    0.356959 0.000486256
          19    0.355382    0.356876 0.000467381
          20    0.356423    0.356853 0.000443973
          21    0.359984    0.357002 0.000447842
          22    0.356735     0.35699 0.000427173
          23    0.357786    0.357025 0.000409643
          24    0.350817    0.356766 0.000469821
          25    0.361226    0.356945 0.000484658
          26    0.356295     0.35692 0.000466314
          27    0.355004    0.356849 0.000454285
          28    0.358483    0.356907 0.000441636
          29    0.355733    0.356867 0.000428053
          30    0.359546    0.356956 0.000423074
          31    0.356315    0.356935 0.000409721
          32    0.358477    0.356983 0.000399627
          33    0.354398    0.356905 0.000395174
          34    0.357319    0.356917 0.000383569
          35    0.354535    0.356849 0.000378615
          36    0.357084    0.356856 0.000368005
          37    0.357597    0.356876 0.000358482
          38    0.358044    0.356906 0.000350271
          39     0.35866    0.356951 0.000344121
          40     0.35859    0.356992 0.000337901
          41     0.36014    0.357069 0.000338379
          42    0.358368      0.3571 0.000331668
          43    0.358946    0.357143 0.000326696
          44    0.361697    0.357247 0.000335544
          45    0.360283    0.357314 0.000334869
          46    0.361305    0.357401 0.000338808
          47    0.358715    0.357429 0.000332698
          48    0.357234    0.357425 0.000325718
          49    0.359285    0.357463 0.000321252
          50    0.356955    0.357452 0.000314925
          51    0.361287    0.357528 0.000317714
          52    0.355977    0.357498 0.000312968
          53    0.353115    0.357415  0.00031795
          54    0.358126    0.357428 0.000312284
          55    0.356336    0.357408 0.000307197
          56    0.357604    0.357412 0.000301681
          57    0.358528    0.357432 0.000296988
          58    0.361338    0.357499 0.000299494
          59    0.353142    0.357425 0.000303496
          60    0.358209    0.357438  0.00029868
          61    0.360128    0.357482 0.000297034
          62    0.361896    0.357553 0.000300751
          63    0.356325    0.357534  0.00029658
          64    0.356141    0.357512  0.00029272
          65    0.359622    0.357545 0.000290005
          66    0.355255     0.35751 0.000287677
          67    0.357473    0.357509 0.000283351
          68    0.359979    0.357546 0.000281506
          69    0.354962    0.357508 0.000279912
          70    0.358597    0.357524 0.000276322
          71    0.360105     0.35756 0.000274818
          72    0.358034    0.357567 0.000271055
          73    0.357543    0.357566 0.000267316
          74    0.358933    0.357585 0.000264325
          75    0.358504    0.357597 0.000261064
          76    0.357008    0.357589 0.000257723
          77    0.360332    0.357625 0.000256836
          78    0.359207    0.357645 0.000254332
          79    0.354735    0.357608  0.00025378
          80    0.358033    0.357614 0.000250644
          81    0.355085    0.357582 0.000249491
          82    0.358125    0.357589 0.000246518
          83    0.358801    0.357604 0.000243967
          84     0.36245    0.357661 0.000247855
          85    0.357434    0.357659 0.000244936
          86     0.35877    0.357672 0.000242416
          87    0.358817    0.357685 0.000239975
          88    0.360418    0.357716 0.000239257
          89    0.357673    0.357715 0.000236554
          90    0.362045    0.357764 0.000238805
          91    0.361771    0.357808 0.000240237
          92    0.356221     0.35779 0.000238236
          93    0.356736    0.357779 0.000235933
          94    0.359345    0.357796 0.000234004
          95    0.357078    0.357788 0.000231651
          96    0.359158    0.357802 0.000229669
          97    0.361173    0.357837 0.000229929
          98    0.359254    0.357852  0.00022803
          99    0.360341    0.357877 0.000227112
         100    0.357566    0.357874  0.00022485
           1    0.293094    0.293094           0
           2    0.293993    0.293544 0.000449465
           3    0.295763    0.294284 0.000783902
           4    0.293179    0.294008 0.000619234
           5    0.292811    0.293768 0.000536023
           6    0.292662    0.293584 0.000474936
           7    0.294042    0.293649 0.000406684
           8    0.291664    0.293401 0.000430875
           9    0.294626    0.293537 0.000403637
          10    0.294053    0.293589 0.000364697
          11      0.2895    0.293217 0.000496977
          12    0.295309    0.293391 0.000486014
          13    0.294583    0.293483 0.000456371
          14    0.292779    0.293433 0.000425499
          15    0.292932    0.293399 0.000397525
          16    0.293633    0.293414 0.000372136
          17    0.291492    0.293301 0.000367385
          18    0.290478    0.293144  0.00038023
          19    0.293895    0.293184 0.000361825
          20    0.292759    0.293162 0.000343914
          21    0.295887    0.293292 0.000351911
          22    0.293316    0.293293 0.000335536
          23    0.293056    0.293283 0.000320781
          24     0.29311    0.293276 0.000307208
          25    0.292496    0.293245 0.000296309
          26    0.293229    0.293244 0.000284685
          27    0.292201    0.293205 0.000276649
          28    0.293709    0.293223 0.000267193
          29    0.294768    0.293277 0.000263258
          30    0.292974    0.293266 0.000254531
          31    0.293378     0.29327  0.00024621
          32    0.293353    0.293273 0.000238406
          33    0.292208     0.29324 0.000233308
          34    0.293986    0.293262 0.000227403
          35    0.293437    0.293267 0.000220867
          36    0.291995    0.293232 0.000217533
          37    0.294501    0.293266 0.000214335
          38    0.293592    0.293275 0.000208794
          39    0.293404    0.293278 0.000203397
          40    0.292053    0.293248   0.0002006
          41     0.29425    0.293272 0.000197168
          42    0.293332    0.293273 0.000192422
          43    0.293835    0.293286 0.000188347
          44    0.292845    0.293276  0.00018429
          45    0.293156    0.293274 0.000180168
          46    0.292401    0.293255 0.000177227
          47    0.294591    0.293283  0.00017573
          48    0.291502    0.293246 0.000175988
          49    0.293163    0.293244 0.000172368
          50    0.293625    0.293252 0.000169057
          51    0.296136    0.293309 0.000175089
          52    0.298472    0.293408 0.000198331
          53    0.291292    0.293368 0.000198607
          54    0.293408    0.293369 0.000194896
          55    0.295232    0.293403 0.000194296
          56    0.290035    0.293342 0.000200048
          57    0.291207    0.293305 0.000200047
          58    0.295315     0.29334   0.0001996
          59    0.296052    0.293386 0.000201503
          60    0.291812    0.293359 0.000199844
          61    0.292842    0.293351 0.000196723
          62    0.292566    0.293338 0.000193937
          63    0.294116    0.293351 0.000191233
          64    0.294239    0.293364 0.000188732
          65    0.293411    0.293365 0.000185807
          66    0.295506    0.293398 0.000185823
          67    0.296015    0.293437 0.000187151
          68    0.294234    0.293448 0.000184752
          69    0.293048    0.293443 0.000182147
          70    0.294707    0.293461 0.000180432
          71    0.291802    0.293437   0.0001794
          72    0.295307    0.293463 0.000178786
          73    0.291701    0.293439 0.000177965
          74    0.289629    0.293388 0.000182938
          75    0.294313      0.2934 0.000180903
          76    0.294769    0.293418 0.000179414
          77    0.290145    0.293375   0.0001821
          78    0.292668    0.293366 0.000179979
          79    0.292506    0.293356  0.00017802
          80    0.292603    0.293346 0.000176032
          81    0.293227    0.293345 0.000173852
          82    0.292197    0.293331 0.000172288
          83     0.29279    0.293324 0.000170324
          84    0.295086    0.293345 0.000169586
          85    0.293775     0.29335 0.000167656
          86    0.295757    0.293378 0.000168042
          87    0.292937    0.293373 0.000166177
          88    0.295368    0.293396 0.000165834
          89    0.293717    0.293399    0.000164
          90    0.293827    0.293404 0.000162237
          91    0.296661     0.29344 0.000164389
          92    0.293062    0.293436 0.000162644
          93    0.291112    0.293411 0.000162815
          94    0.290522     0.29338 0.000163978
          95    0.294503    0.293392 0.000162673
          96    0.295091     0.29341 0.000161939
          97    0.294483    0.293421 0.000160643
          98    0.293633    0.293423  0.00015901
          99    0.292346    0.293412 0.000157771
         100    0.296227     0.29344 0.000158701
           1    0.237374    0.237374           0
           2    0.239963    0.238668  0.00129462
           3    0.239653    0.238997 0.000816336
           4    0.239754    0.239186 0.000607471
           5    0.241854    0.239719 0.000711485
           6    0.239719    0.239719 0.000580925
           7    0.238398    0.239531 0.000526028
           8    0.237736    0.239306 0.000507781
           9    0.240979    0.239492 0.000484834
          10    0.240425    0.239585 0.000443567
          11    0.240792    0.239695 0.000415945
          12    0.237483    0.239511 0.000422068
          13    0.240031    0.239551 0.000390307
          14    0.237959    0.239437 0.000378818
          15    0.239201    0.239421 0.000353011
          16    0.238113     0.23934 0.000340193
          17    0.238974    0.239318  0.00032028
          18    0.238536    0.239275 0.000305071
          19    0.240107    0.239318 0.000291877
          20    0.239439    0.239325 0.000276965
          21    0.239307    0.239324 0.000263447
          22    0.239887    0.239349  0.00025249
          23    0.240931    0.239418 0.000250868
          24    0.239662    0.239428 0.000240403
          25    0.240089    0.239455 0.000232098
          26    0.239922    0.239473 0.000223717
          27    0.239343    0.239468 0.000215326
          28    0.237823    0.239409 0.000215651
          29    0.239071    0.239397 0.000208408
          30    0.240036    0.239419 0.000202465
          31    0.240761    0.239462 0.000200557
          32    0.238718    0.239439 0.000195575
          33    0.238567    0.239412 0.000191387
          34    0.238284    0.239379 0.000188618
          35    0.237249    0.239318 0.000192997
          36    0.239492    0.239323 0.000187621
          37    0.239175    0.239319 0.000182524
          38    0.241405    0.239374 0.000185942
          39    0.239033    0.239365 0.000181322
          40    0.238025    0.239332 0.000179878
          41    0.240282    0.239355 0.000176959
          42    0.238888    0.239344 0.000173052
          43     0.23848    0.239324 0.000170168
          44    0.239956    0.239338 0.000166876
          45    0.239857     0.23935 0.000163534
          46     0.23968    0.239357   0.0001601
          47     0.24018    0.239374 0.000157634
          48     0.23852    0.239357 0.000155338
          49    0.238208    0.239333 0.000153929
          50    0.238333    0.239313  0.00015214
          51    0.238518    0.239298  0.00014994
          52    0.238919     0.23929 0.000147209
          53    0.240481    0.239313 0.000146141
          54    0.239217    0.239311  0.00014342
          55    0.240417    0.239331 0.000142217
          56    0.239237    0.239329 0.000139664
          57    0.239225    0.239328 0.000137204
          58     0.23683    0.239284 0.000141528
          59    0.238388    0.239269 0.000139936
          60    0.239356    0.239271 0.000137592
          61    0.240959    0.239298 0.000138117
          62    0.239603    0.239303  0.00013596
          63    0.239451    0.239306 0.000133805
          64    0.240673    0.239327  0.00013342
          65    0.238886     0.23932 0.000131527
          66    0.240691    0.239341 0.000131173
          67    0.241033    0.239366 0.000131644
          68    0.240999     0.23939 0.000131897
          69    0.240338    0.239404 0.000130695
          70    0.238063    0.239385  0.00013023
          71     0.24076    0.239404 0.000129836
          72    0.241415    0.239432 0.000131029
          73     0.23835    0.239417  0.00013007
          74    0.238099    0.239399 0.000129531
          75    0.238053    0.239382 0.000129047
          76     0.24044    0.239395 0.000128097
          77    0.236982    0.239364  0.00013025
          78    0.240368    0.239377 0.000129212
          79    0.240422     0.23939  0.00012825
          80    0.239136    0.239387 0.000126677
          81    0.241852    0.239417 0.000128753
          82    0.240102    0.239426 0.000127446
          83    0.239007    0.239421 0.000126003
          84    0.238874    0.239414 0.000124664
          85    0.238335    0.239402 0.000123841
          86    0.240005    0.239409 0.000122593
          87    0.238041    0.239393 0.000122192
          88    0.241177    0.239413 0.000122486
          89    0.241434    0.239436 0.000123212
          90    0.239742    0.239439 0.000121882
          91    0.239839    0.239444 0.000120615
          92    0.238943    0.239438 0.000119421
          93    0.240402    0.239449 0.000118583
          94    0.238342    0.239437 0.000117904
          95    0.239954    0.239442 0.000116784
          96    0.238024    0.239427 0.000116502
          97    0.237055    0.239403 0.000117859
          98    0.240233    0.239411 0.000116958
          99    0.238276      0.2394 0.000116337
         100    0.239892    0.239405 0.000115273
           1     0.19728     0.19728           0
           2    0.198578    0.197929 0.000649093
           3    0.196472    0.197443 0.000613618
           4    0.195513    0.196961 0.000648941
           5    0.196287    0.196826 0.000520391
           6    0.198188    0.197053 0.000481691
           7    0.196752     0.19701 0.000409365
           8    0.194892    0.196745 0.000442468
           9    0.196121    0.196676 0.000396328
          10    0.198446    0.196853  0.00039624
          11    0.196771    0.196845 0.000358491
          12    0.197173    0.196873 0.000328395
          13     0.19829    0.196982 0.000321141
          14    0.197153    0.196994 0.000297569
          15    0.195781    0.196913 0.000288582
          16     0.19545    0.196822 0.000285013
          17    0.196886    0.196825 0.000267749
          18    0.195101     0.19673 0.000270008
          19    0.196121    0.196698 0.000257406
          20    0.195624    0.196644 0.000250031
          21    0.197658    0.196692 0.000242678
          22    0.197962     0.19675 0.000238473
          23    0.196946    0.196758 0.000228028
          24    0.196657    0.196754 0.000218361
          25    0.197958    0.196802 0.000214909
          26    0.197333    0.196823 0.000207485
          27     0.19605    0.196794 0.000201695
          28    0.196222    0.196774 0.000195429
          29    0.196134    0.196752 0.000189854
          30    0.195657    0.196715 0.000187013
          31    0.197795     0.19675 0.000184206
          32    0.195401    0.196708 0.000183272
          33    0.197933    0.196745 0.000181467
          34    0.196778    0.196746 0.000176051
          35    0.195727    0.196717 0.000173407
          36    0.197397    0.196736 0.000169577
          37    0.197717    0.196762  0.00016705
          38    0.196313     0.19675 0.000163024
          39    0.197171    0.196761 0.000159155
          40    0.198398    0.196802 0.000160432
          41    0.198209    0.196836 0.000160188
          42    0.197823     0.19686 0.000158082
          43     0.19581    0.196836 0.000156281
          44    0.197149    0.196843 0.000152854
          45    0.196624    0.196838 0.000149498
          46    0.196657    0.196834 0.000146265
          47    0.195461    0.196805 0.000146069
          48     0.19688    0.196806 0.000143003
          49    0.196651    0.196803  0.00014009
          50     0.19716     0.19681 0.000137444
          51    0.196186    0.196798 0.000135277
          52    0.196636    0.196795 0.000132687
          53    0.195657    0.196773 0.000131917
          54    0.196474    0.196768  0.00012957
          55    0.195561    0.196746  0.00012907
          56    0.196395     0.19674 0.000126898
          57    0.196065    0.196728 0.000125213
          58    0.196963    0.196732 0.000123102
          59    0.196452    0.196727 0.000121091
          60    0.196516    0.196724 0.000119108
          61    0.198049    0.196745 0.000119136
          62    0.195341    0.196723 0.000119366
          63    0.197081    0.196728 0.000117594
          64    0.195808    0.196714 0.000116632
          65      0.1976    0.196728  0.00011563
          66    0.195769    0.196713 0.000114787
          67    0.196546    0.196711 0.000113089
          68    0.195792    0.196697 0.000112228
          69    0.196558    0.196695 0.000110608
          70    0.195919    0.196684 0.000109579
          71    0.197736    0.196699 0.000109036
          72    0.198168    0.196719  0.00010943
          73    0.196873    0.196721 0.000107941
          74    0.197942    0.196738 0.000107742
          75     0.19627    0.196732 0.000106479
          76    0.195354    0.196713 0.000106621
          77    0.197074    0.196718 0.000105332
          78    0.195805    0.196706  0.00010463
          79     0.19573    0.196694 0.000104033
          80    0.197342    0.196702 0.000103043
          81    0.195364    0.196686 0.000103095
          82    0.195897    0.196676 0.000102284
          83    0.197113    0.196681 0.000101181
          84    0.195411    0.196666 0.000101106
          85    0.195961    0.196658 0.000100253
          86    0.196214    0.196653 9.92151e-05
          87    0.197026    0.196657 9.81617e-05
          88    0.195835    0.196648 9.74882e-05
          89    0.196573    0.196647 9.63902e-05
          90    0.197346    0.196655 9.56294e-05
          91    0.197636    0.196665 9.51851e-05
          92     0.19728    0.196672 9.43812e-05
          93    0.197448     0.19668 9.37332e-05
          94    0.196316    0.196677 9.28115e-05
          95    0.197398    0.196684 9.21428e-05
          96    0.197644    0.196694 9.17248e-05
          97     0.19672    0.196694 9.07747e-05
          98     0.19636    0.196691 8.99086e-05
          99    0.197261    0.196697 8.91818e-05
         100     0.19554    0.196685 8.90403e-05
           1    0.162397    0.162397           0
           2    0.164423     0.16341  0.00101289
           3    0.163493    0.163437 0.000585447
           4    0.162352    0.163166 0.000495004
           5    0.164045    0.163342 0.000421826
           6     0.16336    0.163345 0.000344433
           7    0.163663     0.16339 0.000294617
           8    0.162949    0.163335 0.000261045
           9    0.161874    0.163173 0.000281696
          10    0.164425    0.163298 0.000281341
          11     0.16294    0.163265 0.000256561
          12    0.162102    0.163168 0.000253496
          13    0.163912    0.163226 0.000240091
          14    0.162994    0.163209 0.000222893
          15    0.163401    0.163222 0.000207898
          16    0.163343    0.163229 0.000194617
          17    0.163669    0.163255 0.000184632
          18    0.162543    0.163216 0.000178511
          19     0.16268    0.163188 0.000171189
          20    0.162965    0.163176 0.000162786
          21     0.16348    0.163191 0.000155514
          22    0.163321    0.163197 0.000148395
          23    0.162729    0.163177 0.000143246
          24    0.162873    0.163164  0.00013773
          25    0.162465    0.163136 0.000135033
          26    0.162082    0.163095 0.000135922
          27    0.162638    0.163078 0.000131884
          28    0.163113     0.16308 0.000127092
          29    0.161853    0.163037 0.000129717
          30    0.162397    0.163016 0.000127123
          31    0.163523    0.163032 0.000124036
          32    0.161845    0.162995 0.000125697
          33    0.163709    0.163017 0.000123735
          34    0.163511    0.163031 0.000120918
          35    0.162711    0.163022 0.000117768
          36    0.163804    0.163044 0.000116494
          37    0.163946    0.163068 0.000115896
          38    0.161983     0.16304 0.000116365
          39     0.16307    0.163041 0.000113345
          40    0.162479    0.163027 0.000111364
          41    0.162296    0.163009 0.000110067
          42     0.16148    0.162972 0.000113412
          43    0.163501    0.162985 0.000111424
          44    0.161854    0.162959 0.000111854
          45    0.162782    0.162955 0.000109411
          46    0.164085     0.16298  0.00010979
          47    0.164949    0.163021 0.000115309
          48    0.162751    0.163016 0.000113021
          49     0.16266    0.163009 0.000110929
          50    0.162643    0.163001 0.000108934
          51    0.163695    0.163015  0.00010764
          52    0.162976    0.163014 0.000105552
          53    0.163372    0.163021 0.000103761
          54    0.162912    0.163019 0.000101841
          55     0.16326    0.163023 0.000100069
          56    0.163458    0.163031 9.85715e-05
          57    0.163078    0.163032 9.68302e-05
          58    0.164616    0.163059 9.89889e-05
          59    0.163238    0.163062 9.73441e-05
          60    0.163387    0.163068 9.58607e-05
          61    0.164435     0.16309 9.69039e-05
          62    0.163192    0.163092 9.53424e-05
          63    0.162972     0.16309 9.38361e-05
          64    0.163496    0.163096 9.25758e-05
          65    0.162377    0.163085  9.1809e-05
          66    0.164501    0.163106 9.29191e-05
          67    0.162773    0.163101 9.16568e-05
          68    0.163032      0.1631 9.03046e-05
          69    0.163112    0.163101 8.89864e-05
          70    0.163929    0.163112 8.85012e-05
          71    0.162511    0.163104 8.76564e-05
          72    0.163209    0.163105 8.64427e-05
          73    0.163143    0.163106 8.52518e-05
          74    0.163201    0.163107 8.41016e-05
          75     0.16399    0.163119 8.38027e-05
          76    0.162234    0.163107 8.35092e-05
          77    0.163148    0.163108 8.24192e-05
          78    0.162701    0.163103 8.15232e-05
          79    0.162543    0.163096 8.07953e-05
          80    0.163826    0.163105 8.02994e-05
          81    0.163488    0.163109 7.94431e-05
          82    0.163654    0.163116 7.87488e-05
          83    0.162245    0.163106 7.84993e-05
          84      0.1641    0.163117 7.84575e-05
          85    0.162486     0.16311 7.78837e-05
          86    0.163371    0.163113 7.70324e-05
          87    0.162708    0.163108  7.6284e-05
          88    0.162257    0.163099 7.60308e-05
          89    0.164149    0.163111 7.60925e-05
          90    0.163316    0.163113 7.52768e-05
          91    0.162898     0.16311 7.44824e-05
          92    0.164093    0.163121 7.44389e-05
          93    0.163987     0.16313 7.42199e-05
          94    0.163533    0.163135 7.35511e-05
          95    0.163086    0.163134 7.27746e-05
          96    0.163064    0.163133 7.20162e-05
          97    0.162218    0.163124 7.18918e-05
          98    0.163977    0.163133  7.1685e-05
          99    0.163812     0.16314 7.12884e-05
         100    0.162408    0.163132 7.09503e-05
           1    0.136506    0.136506           0
           2    0.136508    0.136507 5.55115e-07
           3    0.136807    0.136607 0.000100122
           4    0.136463    0.136571 7.94239e-05
           5    0.136442    0.136545 6.66927e-05
           6    0.136884    0.136602 7.84128e-05
           7    0.136973    0.136655 8.48345e-05
           8    0.137796    0.136797 0.000160448
           9    0.137003     0.13682 0.000143339
          10    0.138767    0.137015 0.000233139
          11     0.13604    0.136926 0.000228739
          12    0.137423    0.136968 0.000212864
          13     0.13718    0.136984 0.000196489
          14    0.136613    0.136958 0.000183834
          15    0.138157    0.137038  0.00018891
          16    0.136068    0.136977 0.000186819
          17     0.13656    0.136952 0.000177192
          18    0.137148    0.136963 0.000167413
          19    0.136653    0.136947 0.000159196
          20    0.135889    0.136894 0.000160026
          21    0.138004    0.136947 0.000161124
          22    0.137784    0.136985 0.000158266
          23    0.136323    0.136956 0.000153945
          24     0.13664    0.136943 0.000147978
          25    0.136567    0.136928 0.000142728
          26    0.136271    0.136903 0.000139437
          27    0.136237    0.136878 0.000136417
          28    0.137761     0.13691 0.000135182
          29    0.138016    0.136948 0.000135902
          30    0.136835    0.136944 0.000131348
          31    0.137038    0.136947 0.000127076
          32    0.137666    0.136969 0.000125077
          33    0.136695    0.136961 0.000121512
          34    0.137424    0.136975 0.000118666
          35    0.136691    0.136967  0.00011551
          36    0.138162       0.137  0.00011706
          37    0.137051    0.137001 0.000113861
          38    0.137256    0.137008 0.000111027
          39    0.138114    0.137036 0.000111797
          40    0.137113    0.137038 0.000108983
          41    0.137066    0.137039 0.000106294
          42     0.13586    0.137011 0.000107465
          43    0.135846    0.136984 0.000108375
          44     0.13682     0.13698 0.000105949
          45    0.136811    0.136976 0.000103636
          46    0.136552    0.136967 0.000101776
          47      0.1358    0.136942 0.000102635
          48    0.136418    0.136931 0.000101066
          49    0.137192    0.136937 9.91253e-05
          50    0.138137    0.136961 0.000100047
          51    0.135873    0.136939 0.000100357
          52    0.136743    0.136935 9.84807e-05
          53    0.136498    0.136927 9.69564e-05
          54    0.135986     0.13691 9.67287e-05
          55    0.136753    0.136907 9.49965e-05
          56    0.136995    0.136909 9.32979e-05
          57    0.136427      0.1369 9.20346e-05
          58    0.136977    0.136901 9.04437e-05
          59    0.136088    0.136888 8.99606e-05
          60    0.137007     0.13689  8.8471e-05
          61    0.136856    0.136889 8.70103e-05
          62     0.13723    0.136895 8.57719e-05
          63    0.137376    0.136902 8.47443e-05
          64    0.137132    0.136906 8.34871e-05
          65    0.136094    0.136893 8.31351e-05
          66    0.136411    0.136886 8.21911e-05
          67     0.13626    0.136877 8.14924e-05
          68    0.137468    0.136885 8.07544e-05
          69    0.137428    0.136893 7.99633e-05
          70    0.136967    0.136894 7.88198e-05
          71    0.136882    0.136894 7.77019e-05
          72    0.136636    0.136891 7.66988e-05
          73      0.1366    0.136887 7.57458e-05
          74    0.137289    0.136892 7.49128e-05
          75    0.136852    0.136891 7.39091e-05
          76    0.138276     0.13691  7.5171e-05
          77    0.137172    0.136913 7.42665e-05
          78    0.136606    0.136909 7.34135e-05
          79    0.136875    0.136909 7.24796e-05
          80    0.137285    0.136913 7.17225e-05
          81    0.136692    0.136911 7.08842e-05
          82     0.13647    0.136905 7.02204e-05
          83    0.137258     0.13691  6.9499e-05
          84     0.13736    0.136915 6.88758e-05
          85    0.137216    0.136918 6.81528e-05
          86    0.137163    0.136921 6.74157e-05
          87    0.135841    0.136909 6.77838e-05
          88    0.136676    0.136906 6.70613e-05
          89    0.136162    0.136898 6.68281e-05
          90    0.136856    0.136897  6.6083e-05
          91    0.137501    0.136904 6.56889e-05
          92    0.137715    0.136913 6.55662e-05
          93    0.138699    0.136932 6.76415e-05
          94    0.136754     0.13693 6.69447e-05
          95    0.136752    0.136928 6.62628e-05
          96    0.136965    0.136929 6.55701e-05
          97    0.137116    0.136931 6.49194e-05
          98    0.137403    0.136935 6.44344e-05
          99    0.136427     0.13693 6.39869e-05
         100    0.136858     0.13693  6.3348e-05
           1    0.115903    0.115903           0
           2    0.116356     0.11613 0.000226561
           3    0.116072     0.11611  0.00013223
           4    0.115823    0.116038 0.000117924
           5    0.117015    0.116234 0.000215607
           6    0.116375    0.116257 0.000177611
           7    0.116692    0.116319 0.000162459
           8    0.116255    0.116311 0.000140923
           9    0.116395    0.116321 0.000124627
          10    0.116228    0.116311 0.000111857
          11    0.115843    0.116269 0.000109786
          12     0.11683    0.116315 0.000110604
          13    0.116741    0.116348 0.000106888
          14    0.116824    0.116382 0.000104637
          15    0.116812    0.116411 0.000101533
          16    0.116507    0.116417  9.5166e-05
          17    0.116453    0.116419 8.94179e-05
          18     0.11647    0.116422 8.43517e-05
          19    0.115843    0.116391 8.54147e-05
          20    0.115558     0.11635 9.11251e-05
          21    0.116245    0.116345 8.68201e-05
          22    0.115822    0.116321 8.61177e-05
          23    0.116636    0.116335 8.34217e-05
          24    0.116002    0.116321 8.10647e-05
          25    0.116738    0.116337 7.95287e-05
          26    0.116923     0.11636 7.96567e-05
          27    0.117283    0.116394 8.39245e-05
          28    0.116208    0.116388 8.11448e-05
          29    0.115603     0.11636 8.28413e-05
          30    0.116173    0.116354 8.02767e-05
          31     0.11728    0.116384 8.31877e-05
          32    0.116199    0.116378 8.07533e-05
          33    0.116234    0.116374 7.83906e-05
          34     0.11627    0.116371 7.61111e-05
          35    0.116013    0.116361  7.4609e-05
          36    0.116809    0.116373 7.35698e-05
          37    0.116483    0.116376 7.16157e-05
          38    0.115113    0.116343 7.72267e-05
          39    0.115371    0.116318 7.92376e-05
          40    0.116113    0.116313 7.74003e-05
          41    0.115825    0.116301 7.64202e-05
          42    0.115463    0.116281 7.72034e-05
          43    0.115361     0.11626 7.83621e-05
          44    0.116812    0.116272 7.75834e-05
          45    0.116961    0.116287 7.73693e-05
          46    0.116769    0.116298 7.63891e-05
          47    0.116041    0.116292 7.49458e-05
          48    0.116617    0.116299  7.3678e-05
          49    0.116378    0.116301 7.21768e-05
          50    0.116188    0.116299 7.07544e-05
          51    0.117597    0.116324 7.38821e-05
          52    0.116882    0.116335  7.3238e-05
          53    0.115848    0.116326 7.24269e-05
          54     0.11668    0.116332 7.13747e-05
          55    0.115842    0.116323 7.06293e-05
          56    0.116193    0.116321 6.93954e-05
          57    0.116442    0.116323 6.82002e-05
          58    0.116189    0.116321 6.70539e-05
          59    0.117841    0.116346 7.07681e-05
          60     0.11683    0.116355 7.00445e-05
          61     0.11644    0.116356 6.89008e-05
          62    0.116444    0.116357 6.77952e-05
          63    0.116113    0.116353 6.68233e-05
          64    0.116357    0.116354  6.5771e-05
          65    0.115669    0.116343  6.5602e-05
          66    0.116362    0.116343  6.4601e-05
          67    0.115594    0.116332 6.46039e-05
          68    0.115561    0.116321 6.46481e-05
          69    0.116982     0.11633 6.44202e-05
          70    0.116028    0.116326 6.36395e-05
          71    0.115629    0.116316 6.35008e-05
          72    0.116479    0.116318 6.26536e-05
          73    0.116806    0.116325 6.21498e-05
          74    0.116533    0.116328 6.13687e-05
          75    0.115464    0.116316 6.16307e-05
          76    0.115476    0.116305  6.1811e-05
          77    0.116788    0.116312 6.13237e-05
          78    0.116912    0.116319 6.10202e-05
          79    0.116036    0.116316 6.03495e-05
          80     0.11668     0.11632 5.97641e-05
          81     0.11582    0.116314 5.93434e-05
          82    0.115621    0.116306 5.92221e-05
          83     0.11573    0.116299 5.89133e-05
          84    0.116181    0.116297 5.82246e-05
          85    0.115896    0.116293 5.77287e-05
          86    0.115884    0.116288 5.72514e-05
          87    0.116078    0.116285 5.66411e-05
          88     0.11553    0.116277 5.66488e-05
          89    0.117276    0.116288 5.71221e-05
          90    0.117559    0.116302 5.82235e-05
          91    0.117387    0.116314 5.88006e-05
          92    0.115411    0.116304 5.89814e-05
          93    0.115496    0.116296 5.89879e-05
          94    0.115827    0.116291 5.85699e-05
          95    0.116085    0.116288 5.79905e-05
          96    0.116146    0.116287 5.74024e-05
          97    0.116962    0.116294 5.72317e-05
          98    0.116357    0.116295 5.66483e-05
          99     0.11674    0.116299 5.62537e-05
         100    0.117009    0.116306 5.61391e-05
           1   0.0994957   0.0994957           0
           2   0.0993105   0.0994031  9.2564e-05
           3    0.099689   0.0994984 0.000109257
           4   0.0994967    0.099498 7.72576e-05
           5     0.10001   0.0996005 0.000118687
           6   0.0990076   0.0995017 0.000138404
           7   0.0996651    0.099525 0.000119281
           8   0.0990862   0.0994702 0.000116958
           9    0.100054   0.0995351 0.000121877
          10    0.099391   0.0995207 0.000109958
          11   0.0989435   0.0994682 0.000112454
          12   0.0998151   0.0994971 0.000106649
          13    0.099957   0.0995325 0.000104285
          14   0.0998541   0.0995555 9.92452e-05
          15    0.099278    0.099537 9.42262e-05
          16    0.099189   0.0995152 9.07834e-05
          17    0.099337   0.0995047 8.59183e-05
          18   0.0997341   0.0995175  8.2001e-05
          19   0.0995272    0.099518 7.75669e-05
          20   0.0991458   0.0994994 7.59032e-05
          21   0.0988969   0.0994707 7.76892e-05
          22    0.099452   0.0994698 7.40786e-05
          23   0.0999874   0.0994923 7.42757e-05
          24    0.099127   0.0994771 7.27248e-05
          25   0.0990062   0.0994583 7.22535e-05
          26   0.0996266   0.0994648 6.97201e-05
          27    0.100084   0.0994877 7.08975e-05
          28   0.0995295   0.0994892 6.83348e-05
          29   0.0991844   0.0994787 6.67686e-05
          30    0.099005   0.0994629 6.64086e-05
          31   0.0996488   0.0994689 6.45101e-05
          32   0.0999973   0.0994854 6.46079e-05
          33    0.099134   0.0994747 6.35182e-05
          34    0.100472   0.0995041 6.82507e-05
          35   0.0989701   0.0994888 6.80056e-05
          36   0.0994811   0.0994886 6.60899e-05
          37   0.0990949    0.099478 6.51535e-05
          38   0.0995425   0.0994797 6.34385e-05
          39   0.0989203   0.0994653 6.34334e-05
          40    0.100477   0.0994906 6.68006e-05
          41   0.0993187   0.0994864 6.52857e-05
          42   0.0999007   0.0994963 6.44714e-05
          43   0.0999697   0.0995073 6.39095e-05
          44   0.0996612   0.0995108  6.2538e-05
          45    0.100864   0.0995409 6.81257e-05
          46   0.0994948   0.0995399 6.66358e-05
          47   0.0994952   0.0995389 6.52095e-05
          48   0.0994492    0.099537 6.38639e-05
          49   0.0996935   0.0995402 6.26284e-05
          50   0.0997817   0.0995451 6.15529e-05
          51   0.0991544   0.0995374 6.08181e-05
          52    0.100226   0.0995506 6.10878e-05
          53   0.0999767   0.0995587  6.0461e-05
          54      0.0995   0.0995576 5.93407e-05
          55    0.098892   0.0995455 5.94955e-05
          56    0.100044   0.0995544 5.90964e-05
          57   0.0995387   0.0995541  5.8051e-05
          58   0.0996175   0.0995552 5.70518e-05
          59   0.0986856   0.0995405 5.79813e-05
          60    0.100338   0.0995538 5.85363e-05
          61   0.0999556   0.0995603 5.79444e-05
          62   0.0999791   0.0995671 5.74009e-05
          63   0.0999252   0.0995728 5.67678e-05
          64   0.0994609    0.099571 5.59011e-05
          65   0.0993707   0.0995679 5.51206e-05
          66   0.0995364   0.0995675 5.42811e-05
          67    0.100024   0.0995743 5.38971e-05
          68   0.0999204   0.0995794  5.3342e-05
          69   0.0995458   0.0995789 5.25655e-05
          70   0.0995391   0.0995783 5.18122e-05
          71   0.0994956   0.0995772 5.10905e-05
          72    0.100604   0.0995914 5.23547e-05
          73   0.0987741   0.0995802 5.28326e-05
          74   0.0995417   0.0995797 5.21163e-05
          75   0.0989923   0.0995719 5.20098e-05
          76   0.0992424   0.0995675 5.15037e-05
          77   0.0993699    0.099565 5.08951e-05
          78   0.0999803   0.0995703 5.05198e-05
          79   0.0993991   0.0995681 4.99233e-05
          80   0.0988485   0.0995591 5.01094e-05
          81   0.0996875   0.0995607 4.95122e-05
          82   0.0990795   0.0995548 4.92555e-05
          83   0.0997263   0.0995569 4.87023e-05
          84   0.0997861   0.0995596 4.81963e-05
          85   0.0996664   0.0995609 4.76424e-05
          86   0.0994387   0.0995595 4.71066e-05
          87   0.0999935   0.0995645 4.68286e-05
          88   0.0999132   0.0995684 4.64627e-05
          89   0.0998643   0.0995717 4.60578e-05
          90    0.100232   0.0995791 4.61303e-05
          91   0.0999505   0.0995832 4.58028e-05
          92    0.100642   0.0995947 4.67402e-05
          93   0.0998389   0.0995973 4.63094e-05
          94   0.0996874   0.0995983 4.58241e-05
          95   0.0989597   0.0995915 4.58348e-05
          96   0.0998479   0.0995942 4.54333e-05
          97   0.0995319   0.0995936 4.49671e-05
          98     0.10022      0.0996 4.49632e-05
          99   0.0988323   0.0995922 4.51771e-05
         100   0.0990539   0.0995868 4.50459e-05
