           1     78.8082     78.8082           0
           2     78.4964     78.6523    0.155893
           3     76.6256     77.9767    0.681522
           4     80.8304     78.6901    0.860928
           5     77.5457     78.4612    0.705059
           6     80.1126     78.7365    0.638084
           7     78.2103     78.6613    0.544492
           8     78.4415     78.6338    0.472344
           9     77.4911     78.5068    0.435489
          10       80.94     78.7502    0.459261
          11     80.3342     78.8942    0.439669
          12     77.3131     78.7624    0.422434
          13     82.0025     79.0116    0.461645
          14     80.6934     79.1318     0.44396
          15     80.6333     79.2319    0.425254
          16     77.1304     79.1005    0.418912
          17     80.6846     79.1937    0.404381
          18     79.7863     79.2266    0.382673
          19     80.6755     79.3029    0.369917
          20     77.2273     79.1991    0.365957
          21      80.439     79.2581    0.353066
          22     79.7702     79.2814    0.337439
          23     79.7745     79.3029    0.323146
          24     80.3508     79.3465    0.312455
          25     80.9012     79.4087    0.306081
          26     80.5309     79.4519    0.297223
          27     80.6579     79.4965     0.28947
          28     78.1068     79.4469    0.283322
          29      76.875     79.3582    0.287403
          30     77.7484     79.3046    0.282796
          31     79.1719     79.3003    0.273555
          32      78.161     79.2647    0.267251
          33     77.2072     79.2023    0.266423
          34     79.6254     79.2148    0.258768
          35     79.2896     79.2169    0.251275
          36     77.0739     79.1574    0.251346
          37     78.4859     79.1392    0.245131
          38     77.2576     79.0897    0.243677
          39     79.8061     79.1081    0.238057
          40     77.6597     79.0719    0.234837
          41      77.005     79.0215     0.23452
          42     76.5989     78.9638    0.236024
          43     75.6196      78.886    0.243238
          44     81.3791     78.9427    0.244307
          45     79.6584     78.9586    0.239345
          46     81.8314      79.021    0.242272
          47     79.1265     79.0233    0.237072
          48     79.4555     79.0323    0.232255
          49     80.8486     79.0693    0.230466
          50     74.9989     78.9879    0.240037
          51     79.6319     79.0006    0.235621
          52     77.8279      78.978    0.232144
          53     77.6408     78.9528    0.229115
          54     80.8357     78.9877     0.22752
          55     77.2472      78.956    0.225576
          56     77.2833     78.9261    0.223516
          57     75.8965      78.873    0.225901
          58     79.9445     78.8915    0.222739
          59     79.1168     78.8953    0.218965
          60     80.6707     78.9249    0.217309
          61      77.769     78.9059    0.214555
          62     77.4055     78.8817    0.212449
          63     81.3848     78.9215    0.212791
          64     80.3564     78.9439    0.210637
          65     76.7595     78.9103    0.210077
          66     76.9345     78.8803    0.209024
          67     78.5468     78.8754    0.205941
          68     77.2233     78.8511    0.204339
          69     80.9196      78.881    0.203575
          70     77.0286     78.8546    0.202384
          71     77.7866     78.8395    0.200079
          72     77.5925     78.8222    0.198039
          73     77.8535     78.8089    0.195758
          74     77.7531     78.7947    0.193621
          75      78.354     78.7888    0.191112
          76     77.2944     78.7691    0.189603
          77     79.4981     78.7786    0.187364
          78     81.2795     78.8107    0.187705
          79     77.2375     78.7908    0.186381
          80     74.1918     78.7333    0.192806
          81     81.6052     78.7687    0.193683
          82     81.3383     78.8001    0.193856
          83     79.4431     78.8078    0.191663
          84     79.3473     78.8142    0.189476
          85     80.2256     78.8308    0.187969
          86     80.0733     78.8453    0.186331
          87     76.6684     78.8203    0.185869
          88     79.9761     78.8334    0.184213
          89     77.7992     78.8218    0.182502
          90     79.5556     78.8299    0.180647
          91     77.1894     78.8119    0.179558
          92     79.3301     78.8175    0.177685
          93      76.951     78.7975    0.176906
          94     78.5815     78.7952    0.175029
          95      78.432     78.7913    0.173219
          96     82.9135     78.8343    0.176702
          97     81.1127     78.8578    0.176441
          98     79.1824     78.8611    0.174663
          99     78.0221     78.8526    0.173097
         100     81.2444     78.8765    0.173019
           1     19.1674     19.1674           0
           2     19.2335     19.2005   0.0330347
           3     19.6625     19.3545    0.155185
           4     19.1936     19.3143    0.116873
           5     18.2958     19.1106    0.222899
           6     19.2089      19.127    0.182732
           7     18.5716     19.0476    0.173626
           8     18.5036     18.9796    0.165025
           9     18.4399     18.9196    0.157407
          10     19.2741     18.9551    0.145182
          11     18.7418     18.9357    0.132746
          12     18.9809     18.9395    0.121238
          13     18.9374     18.9393    0.111523
          14      19.072     18.9488    0.103684
          15     19.3937     18.9784    0.100979
          16     19.8953     19.0357     0.11048
          17      19.299     19.0512    0.104927
          18     19.7054     19.0876    0.105391
          19     18.8481      19.075    0.100483
          20     18.5151      19.047   0.0993512
          21     18.6389     19.0276   0.0964791
          22     18.4576     19.0016   0.0955673
          23     18.8318     18.9943   0.0916158
          24      19.064     18.9972   0.0877635
          25     18.8728     18.9922   0.0843266
          26     18.9464     18.9904   0.0810375
          27     19.6045     19.0132   0.0812277
          28     19.3672     19.0258   0.0792875
          29      18.922     19.0222   0.0765882
          30     18.9143     19.0186   0.0740787
          31     19.9231     19.0478   0.0773614
          32     18.7018      19.037   0.0756812
          33     20.2776     19.0746   0.0824249
          34     19.6669      19.092   0.0818395
          35     19.0285     19.0902   0.0794876
          36     18.9819     19.0872   0.0773066
          37     19.2804     19.0924   0.0753694
          38     18.9716     19.0892   0.0734281
          39     18.9364     19.0853   0.0716278
          40     19.8056     19.1033    0.072099
          41     19.0374     19.1017   0.0703369
          42      18.846     19.0956   0.0689112
          43      19.667     19.1089    0.068589
          44      18.886     19.1039   0.0672032
          45     19.3053     19.1083   0.0658453
          46      18.258     19.0898   0.0669983
          47     18.6903     19.0813   0.0661063
          48     19.0011     19.0797    0.064736
          49     18.8474     19.0749   0.0635781
          50     19.5603     19.0846   0.0630453
          51     19.1746     19.0864   0.0618219
          52      19.849     19.1011     0.06237
          53     19.6351     19.1111   0.0620062
          54      19.729     19.1226   0.0619135
          55     19.5029     19.1295   0.0611695
          56     19.3357     19.1332   0.0601801
          57     18.8631     19.1284   0.0593044
          58     19.9311     19.1423   0.0598937
          59      19.133     19.1421     0.05887
          60     19.5537      19.149   0.0582855
          61     18.8278     19.1437   0.0575634
          62     19.8696     19.1554   0.0578249
          63     18.2599     19.1412   0.0586483
          64     19.9191     19.1534   0.0589903
          65     19.5141     19.1589   0.0583402
          66     19.2143     19.1598   0.0574556
          67     18.8622     19.1553   0.0567656
          68     19.3605     19.1583   0.0560059
          69     19.7844     19.1674   0.0559291
          70     19.3475       19.17   0.0551843
          71     19.0505     19.1683   0.0544275
          72     19.2425     19.1693   0.0536762
          73     18.7225     19.1632   0.0532884
          74     19.6283     19.1695   0.0529378
          75     18.8413     19.1651   0.0524102
          76     19.1185     19.1645   0.0517197
          77     18.3552      19.154   0.0521144
          78     19.4981     19.1584   0.0516308
          79     19.2174     19.1592   0.0509785
          80     19.4205     19.1624   0.0504432
          81      18.849     19.1585   0.0499666
          82     19.2772       19.16   0.0493747
          83     17.9977      19.146   0.0507465
          84     18.9437     19.1436   0.0501965
          85      17.761     19.1273   0.0522013
          86     19.3996     19.1305   0.0516878
          87     19.0669     19.1298   0.0510954
          88       19.42     19.1331   0.0506191
          89     19.7965     19.1405   0.0505992
          90     18.8577     19.1374   0.0501324
          91     18.4803     19.1301   0.0501014
          92     19.7845     19.1373   0.0500616
          93     18.7951     19.1336   0.0496569
          94     18.7279     19.1293    0.049315
          95     19.5022     19.1332   0.0489508
          96     19.2165     19.1341    0.048446
          97     17.8733     19.1211   0.0496745
          98     19.3046     19.1229   0.0492007
          99     18.4397      19.116   0.0491878
         100     19.2017     19.1169   0.0487009
           1     7.36439     7.36439           0
           2      7.4346     7.39949   0.0351092
           3        7.38       7.393   0.0212862
           4     7.62456     7.45089   0.0598165
           5     7.34786     7.43028    0.050709
           6     7.54336     7.44913    0.045491
           7     7.25705     7.42169   0.0472346
           8     7.40496      7.4196   0.0409598
           9     7.18159     7.39315   0.0447686
          10     7.23838     7.37768   0.0429294
          11     7.37803     7.37771   0.0388311
          12     7.26691     7.36847   0.0366306
          13     7.51108     7.37944   0.0354359
          14     7.47463     7.38624   0.0335044
          15     7.54327     7.39671   0.0329008
          16     7.50514     7.40349   0.0315132
          17     7.31279     7.39815   0.0300784
          18     7.15957      7.3849   0.0313028
          19     7.50807     7.39138   0.0303108
          20     7.26125     7.38487   0.0294824
          21      7.3682     7.38408   0.0280546
          22     7.43514      7.3864   0.0268495
          23     7.34712     7.38469   0.0257124
          24     7.06083      7.3712   0.0280737
          25     7.45297     7.37447   0.0271253
          26      7.1222     7.36477   0.0278088
          27     7.44227     7.36764   0.0269125
          28     7.22641     7.36259   0.0264195
          29     7.41446     7.36438   0.0255549
          30     7.29613     7.36211    0.024793
          31     7.45462     7.36509   0.0241648
          32     7.46521     7.36822   0.0236057
          33     7.43331     7.37019   0.0229641
          34     7.43599     7.37213   0.0223623
          35     7.46717     7.37484   0.0218832
          36     7.19469     7.36984   0.0218474
          37     7.41056     7.37094   0.0212773
          38      7.4708     7.37357   0.0208758
          39     7.46453      7.3759   0.0204668
          40     7.39312     7.37633   0.0199532
          41     7.47841     7.37882   0.0196191
          42     7.43727     7.38021   0.0191968
          43     7.38063     7.38022   0.0187451
          44     7.38988     7.38044   0.0183154
          45     7.30905     7.37885   0.0179739
          46      7.1741      7.3744   0.0181336
          47     7.40644     7.37508   0.0177567
          48     7.22818     7.37202   0.0176502
          49     7.27809     7.37011   0.0173922
          50     7.50188     7.37274   0.0172434
          51      7.4553     7.37436   0.0169792
          52     7.47861     7.37637   0.0167698
          53     7.53108     7.37929   0.0167073
          54     7.44054     7.38042   0.0164342
          55     7.24635     7.37798   0.0163158
          56     7.44905     7.37925   0.0160719
          57     7.29464     7.37777   0.0158571
          58     7.35466     7.37737   0.0155864
          59     7.26411     7.37545   0.0154397
          60     7.50332     7.37758   0.0153291
          61     7.29647     7.37625   0.0151342
          62     7.34064     7.37568   0.0148992
          63     7.32543     7.37488   0.0146825
          64     7.45533     7.37614   0.0145058
          65     7.45675     7.37738   0.0143346
          66     7.29165     7.37608   0.0141754
          67     7.42315     7.37678   0.0139799
          68       7.567     7.37958    0.014054
          69     7.47836     7.38101   0.0139226
          70     7.46543     7.38221   0.0137752
          71     7.37852     7.38216   0.0135799
          72     7.31764     7.38127   0.0134199
          73     7.20153      7.3788   0.0134619
          74     7.31301     7.37792   0.0133084
          75     7.42175      7.3785   0.0131428
          76     7.17924     7.37588   0.0132311
          77     7.40141     7.37621   0.0130623
          78     7.53832     7.37829   0.0130602
          79     7.41912      7.3788   0.0129042
          80     7.51186     7.38047     0.01285
          81     7.47707     7.38166   0.0127463
          82     7.22929      7.3798   0.0127262
          83     7.23326     7.37804   0.0126953
          84       7.419     7.37852   0.0125528
          85     7.37196     7.37845   0.0124044
          86     7.34481     7.37806   0.0122656
          87     7.67927     7.38152   0.0126085
          88     7.50206     7.38289   0.0125394
          89     7.39304       7.383   0.0123982
          90     7.34406     7.38257   0.0122673
          91       7.176      7.3803   0.0123423
          92     7.31375     7.37958   0.0122288
          93     7.41367     7.37994   0.0121022
          94      7.4709     7.38091   0.0120118
          95     7.42382     7.38136   0.0118933
          96     7.52753     7.38288   0.0118668
          97     7.53092     7.38441   0.0118426
          98     7.31469      7.3837   0.0117427
          99     7.26929     7.38254   0.0116808
         100     7.38724     7.38259   0.0115635
           1     3.94307     3.94307           0
           2     3.94204     3.94255  0.00051584
           3     3.89505     3.92672   0.0158358
           4     4.00174     3.94547   0.0218432
           5      3.9849     3.95336   0.0186673
           6     3.93584     3.95044    0.015519
           7     3.95244     3.95073   0.0131191
           8     3.95841     3.95169    0.011402
           9     3.94135     3.95054    0.010121
          10     4.03259     3.95874   0.0122181
          11     3.93323     3.95642   0.0112925
          12     3.90766     3.95236   0.0110807
          13     3.92138     3.94998   0.0104676
          14       3.945     3.94962  0.00969764
          15     3.90132      3.9464  0.00958514
          16     4.01465     3.95067  0.00992905
          17     3.92758     3.94931  0.00942505
          18     4.00242     3.95226  0.00936318
          19     3.93076     3.95113  0.00892865
          20     3.96593     3.95187  0.00850275
          21     3.98463     3.95343  0.00823684
          22     3.98464     3.95485  0.00798066
          23     3.91476     3.95311  0.00782241
          24     3.94425     3.95274  0.00749847
          25     3.94916     3.95259   0.0071937
          26     3.90804     3.95088  0.00712076
          27     3.93969     3.95047  0.00686447
          28     3.92774     3.94965  0.00666439
          29     3.98149     3.95075  0.00652353
          30     3.94275     3.95048  0.00630797
          31     3.97598     3.95131  0.00615626
          32     3.91732     3.95025  0.00605465
          33     3.89802     3.94866  0.00607798
          34     4.02992     3.95105   0.0063624
          35     3.92272     3.95024  0.00623076
          36     3.89624     3.94874  0.00623822
          37      3.9188     3.94793  0.00612102
          38     3.99066     3.94906  0.00606292
          39     3.95293     3.94916  0.00590625
          40     3.99857     3.95039  0.00588774
          41     3.99134     3.95139  0.00582852
          42     3.89978     3.95016  0.00581926
          43     3.92255     3.94952  0.00571848
          44     3.97219     3.95004  0.00561071
          45     3.94053     3.94982  0.00548867
          46     3.94951     3.94982  0.00536803
          47     3.93734     3.94955  0.00525929
          48     4.02773     3.95118  0.00540004
          49     3.93112     3.95077  0.00530451
          50      3.9726     3.95121  0.00521564
          51     3.97128      3.9516  0.00512748
          52      4.0068     3.95266  0.00513873
          53     3.93068     3.95225  0.00505787
          54     3.99347     3.95301  0.00502169
          55     3.95602     3.95307  0.00492984
          56     3.95516      3.9531  0.00484115
          57      3.9395     3.95286  0.00476144
          58     4.02923     3.95418  0.00486038
          59     3.90432     3.95334  0.00485146
          60      4.0639     3.95518   0.0051135
          61     4.05486     3.95681  0.00528778
          62     4.04821     3.95829  0.00540663
          63      3.9669     3.95842  0.00532187
          64       3.928     3.95795  0.00525959
          65     4.00032      3.9586  0.00521892
          66     3.98547     3.95901  0.00515534
          67     3.86656     3.95763  0.00526194
          68     3.93035     3.95723  0.00519948
          69     3.94725     3.95708  0.00512561
          70     4.04126     3.95828  0.00519299
          71     4.02391     3.95921   0.0052021
          72     3.98767      3.9596  0.00514455
          73     4.03548     3.96064  0.00517896
          74     3.98254     3.96094  0.00511706
          75      3.9875     3.96129  0.00506078
          76     4.03322     3.96224  0.00508262
          77     3.89154     3.96132  0.00509953
          78     4.04088     3.96234  0.00513602
          79     3.96136     3.96233  0.00507061
          80     4.04036      3.9633  0.00510095
          81     3.92709     3.96286  0.00505738
          82     3.93676     3.96254  0.00500545
          83     3.97437     3.96268  0.00494683
          84     3.90524       3.962  0.00493519
          85     3.95854     3.96196  0.00487695
          86     4.04429     3.96291  0.00491408
          87      3.9691     3.96299  0.00485779
          88     3.90327     3.96231  0.00484997
          89     3.96157      3.9623  0.00479518
          90     3.93228     3.96197  0.00475331
          91     3.96988     3.96205  0.00470159
          92     3.94393     3.96186  0.00465438
          93     3.99545     3.96222  0.00461821
          94     3.94868     3.96207  0.00457109
          95      3.9599     3.96205  0.00452277
          96       3.975     3.96218  0.00447744
          97     4.07281     3.96333  0.00457546
          98     4.02409     3.96395  0.00457079
          99     3.93651     3.96367  0.00453286
         100     3.96812     3.96371  0.00448752
           1     2.53791     2.53791           0
           2      2.5779      2.5579   0.0199968
           3     2.55467     2.55682   0.0115953
           4     2.50048     2.54274    0.016299
           5     2.52795     2.53978   0.0129669
           6     2.54302     2.54032   0.0106012
           7     2.53261     2.53922  0.00902711
           8       2.508     2.53532  0.00873732
           9     2.51723     2.53331   0.0079635
          10     2.56294     2.53627  0.00771454
          11     2.51378     2.53423  0.00727153
          12     2.52949     2.53383  0.00664968
          13     2.52533     2.53318  0.00615163
          14     2.53602     2.53338  0.00569891
          15     2.56072      2.5352  0.00560986
          16     2.53097     2.53494   0.0052542
          17     2.52872     2.53457  0.00494902
          18     2.53318      2.5345  0.00466662
          19     2.55325     2.53548  0.00452321
          20     2.55386      2.5364   0.0043884
          21     2.56486     2.53776  0.00438862
          22     2.52553      2.5372  0.00422113
          23     2.52308     2.53659  0.00407988
          24     2.49757     2.53496  0.00423096
          25      2.5181     2.53429  0.00411385
          26     2.51148     2.53341  0.00404859
          27     2.49249     2.53189  0.00418023
          28     2.56556      2.5331  0.00420379
          29     2.52995     2.53299  0.00405769
          30     2.54426     2.53336  0.00393806
          31     2.52487     2.53309  0.00381874
          32     2.51794     2.53262  0.00372766
          33     2.52788     2.53247  0.00361578
          34      2.5125     2.53189   0.0035567
          35      2.5135     2.53136  0.00349328
          36     2.50939     2.53075   0.0034493
          37     2.50905     2.53016  0.00340566
          38     2.50805     2.52958  0.00336551
          39     2.49762     2.52876  0.00337898
          40     2.53577     2.52894  0.00329809
          41     2.52366     2.52881  0.00321922
          42     2.54677     2.52924   0.0031706
          43     2.53582     2.52939  0.00309977
          44     2.54626     2.52977  0.00305268
          45     2.53474     2.52988  0.00298611
          46     2.51978     2.52966  0.00292873
          47     2.55715     2.53025  0.00292482
          48     2.52764     2.53019  0.00286375
          49     2.47531     2.52907  0.00302009
          50     2.54204     2.52933  0.00297041
          51     2.54969     2.52973  0.00293882
          52     2.53955     2.52992  0.00288793
          53     2.52793     2.52988  0.00283316
          54     2.53589     2.52999  0.00278242
          55     2.52125     2.52984  0.00273599
          56      2.5157     2.52958  0.00269853
          57     2.49132     2.52891  0.00273446
          58     2.53697     2.52905  0.00269049
          59     2.50403     2.52863  0.00267828
          60      2.5015     2.52817   0.0026718
          61     2.54164      2.5284   0.0026369
          62     2.52027     2.52826  0.00259733
          63     2.53207     2.52832  0.00255648
          64     2.50433     2.52795    0.002544
          65     2.54836     2.52826  0.00252416
          66     2.51729      2.5281  0.00249118
          67     2.53309     2.52817  0.00245484
          68     2.56958     2.52878  0.00249395
          69      2.4931     2.52826  0.00251137
          70     2.58543     2.52908  0.00260646
          71     2.56837     2.52963   0.0026284
          72     2.53568     2.52972    0.002593
          73     2.52617     2.52967  0.00255769
          74     2.54519     2.52988  0.00253159
          75     2.52717     2.52984  0.00249787
          76      2.5288     2.52983  0.00246482
          77     2.50127     2.52946  0.00246072
          78     2.54703     2.52968   0.0024394
          79     2.53637     2.52977  0.00240981
          80     2.52191     2.52967  0.00238152
          81     2.53439     2.52973  0.00235266
          82     2.56179     2.53012  0.00235646
          83     2.50724     2.52984  0.00234416
          84     2.57134     2.53034  0.00236818
          85     2.55585     2.53064  0.00235933
          86     2.54554     2.53081  0.00233816
          87     2.53211     2.53083  0.00231118
          88     2.57148     2.53129    0.002331
          89     2.51899     2.53115  0.00230879
          90     2.53495     2.53119  0.00228339
          91     2.53961     2.53128  0.00226005
          92     2.50759     2.53103  0.00225014
          93     2.50265     2.53072  0.00224663
          94     2.55663       2.531  0.00223963
          95     2.53104       2.531  0.00221593
          96     2.53728     2.53106   0.0021937
          97     2.56861     2.53145  0.00220521
          98     2.54329     2.53157  0.00218594
          99     2.51395     2.53139  0.00217105
         100     2.51783     2.53126  0.00215351
           1      1.7955      1.7955           0
           2     1.77324     1.78437   0.0111346
           3     1.78314     1.78396  0.00644165
           4     1.78611      1.7845  0.00458644
           5     1.79531     1.78666  0.00415879
           6     1.79086     1.78736  0.00346693
           7     1.77473     1.78555  0.00344128
           8     1.80365     1.78781  0.00374129
           9     1.78444     1.78744   0.0033208
          10     1.80845     1.78954  0.00363826
          11     1.80344      1.7908  0.00352507
          12     1.78339     1.79019   0.0032767
          13     1.79544     1.79059  0.00304112
          14     1.80343     1.79151  0.00296119
          15     1.80442     1.79237  0.00288808
          16     1.75303     1.78991  0.00365285
          17     1.80449     1.79077  0.00353683
          18     1.77331      1.7898  0.00347268
          19      1.7982     1.79024  0.00331448
          20     1.79972     1.79071  0.00317989
          21     1.76224     1.78936  0.00331475
          22     1.78893     1.78934  0.00316055
          23     1.79689     1.78967  0.00303778
          24     1.81133     1.79057  0.00304529
          25     1.79716     1.79083  0.00293281
          26     1.77628     1.79027  0.00287284
          27     1.78381     1.79003  0.00277475
          28     1.80553     1.79059  0.00273047
          29     1.79675      1.7908  0.00264319
          30     1.78134     1.79048  0.00257296
          31     1.79914     1.79076  0.00250421
          32     1.79544     1.79091  0.00242908
          33     1.80173     1.79124  0.00237704
          34     1.78601     1.79108  0.00231118
          35     1.77565     1.79064  0.00228709
          36     1.76906     1.79004   0.0023021
          37     1.78118      1.7898  0.00225179
          38     1.78044     1.78956  0.00220555
          39     1.77429     1.78917  0.00218364
          40     1.77277     1.78876  0.00216748
          41     1.80637     1.78919  0.00215716
          42     1.78817     1.78916  0.00210531
          43      1.7861     1.78909  0.00205699
          44      1.8212     1.78982  0.00213813
          45     1.79824     1.79001  0.00209844
          46      1.7956     1.79013  0.00205591
          47     1.77604     1.78983  0.00203389
          48     1.77921     1.78961  0.00200333
          49     1.78875     1.78959   0.0019621
          50     1.80263     1.78985  0.00194008
          51     1.80222     1.79009  0.00191705
          52     1.79835     1.79025  0.00188652
          53     1.78581     1.79017  0.00185248
          54     1.77597     1.78991  0.00183676
          55     1.77346     1.78961  0.00182767
          56     1.81414     1.79004  0.00184743
          57     1.79115     1.79006  0.00181483
          58     1.78922     1.79005  0.00178332
          59     1.78036     1.78988  0.00176052
          60     1.79476     1.78997  0.00173283
          61     1.78069     1.78981  0.00171095
          62     1.76891     1.78948  0.00171656
          63     1.79697      1.7896  0.00169327
          64     1.78404     1.78951  0.00166886
          65     1.78645     1.78946  0.00164366
          66     1.77898      1.7893  0.00162634
          67     1.81285     1.78965  0.00163999
          68     1.79175     1.78969  0.00161598
          69      1.8013     1.78985  0.00160126
          70     1.81345     1.79019  0.00161382
          71     1.78883     1.79017  0.00159104
          72     1.76188     1.78978  0.00161725
          73     1.79068     1.78979  0.00159499
          74     1.79437     1.78985  0.00157451
          75     1.77939     1.78971  0.00155962
          76     1.78867      1.7897  0.00153902
          77     1.79616     1.78978  0.00152122
          78     1.81262     1.79008  0.00152986
          79     1.78924     1.79007   0.0015104
          80     1.80131     1.79021  0.00149801
          81     1.78765     1.79017  0.00147974
          82     1.80203     1.79032  0.00146872
          83     1.79483     1.79037  0.00145193
          84     1.80523     1.79055   0.0014454
          85     1.80078     1.79067  0.00143336
          86     1.78135     1.79056  0.00142074
          87     1.77991     1.79044  0.00140964
          88     1.79902     1.79054  0.00139694
          89     1.78866     1.79052  0.00138132
          90     1.77678     1.79036  0.00137439
          91     1.79631     1.79043  0.00136077
          92     1.82893     1.79085  0.00140947
          93     1.78439     1.79078  0.00139596
          94      1.7777     1.79064  0.00138802
          95     1.78672      1.7906  0.00137395
          96      1.7855     1.79054   0.0013606
          97     1.80606      1.7907  0.00135597
          98     1.79173     1.79072  0.00134211
          99      1.7952     1.79076  0.00132925
         100     1.78238     1.79068  0.00131856
           1     1.35292     1.35292           0
           2     1.35975     1.35633   0.0034162
           3     1.36455     1.35907  0.00337438
           4      1.3602     1.35935  0.00240271
           5     1.37168     1.36182  0.00308908
           6     1.37164     1.36345  0.00300641
           7       1.344     1.36068  0.00376578
           8     1.36028     1.36063  0.00326163
           9     1.37361     1.36207  0.00321821
          10     1.34856     1.36072   0.0031797
          11     1.36036     1.36069  0.00287633
          12      1.3668      1.3612  0.00267466
          13     1.36036     1.36113  0.00246116
          14     1.36828     1.36164  0.00233514
          15     1.35767     1.36138  0.00218993
          16     1.35037     1.36069  0.00216086
          17     1.35466     1.36034  0.00206054
          18     1.36203     1.36043  0.00194498
          19     1.37316      1.3611  0.00195801
          20     1.35301      1.3607  0.00190104
          21     1.35959     1.36064  0.00180902
          22     1.35464     1.36037  0.00174628
          23     1.37174     1.36086  0.00174037
          24     1.35211      1.3605   0.0017057
          25      1.3625     1.36058  0.00163801
          26     1.36261     1.36066  0.00157568
          27      1.3476     1.36017  0.00159144
          28     1.36334     1.36029  0.00153771
          29     1.35407     1.36007  0.00149916
          30     1.37119     1.36044  0.00149497
          31     1.35865     1.36039   0.0014471
          32       1.365     1.36053  0.00140855
          33     1.35341     1.36031  0.00138211
          34     1.36731     1.36052  0.00135656
          35     1.35468     1.36035  0.00132774
          36     1.34561     1.35994  0.00135373
          37     1.35056     1.35969  0.00134083
          38     1.36401      1.3598  0.00131001
          39     1.34987     1.35955  0.00130116
          40     1.36288     1.35963  0.00127095
          41      1.3489     1.35937  0.00126689
          42     1.37343     1.35971  0.00128087
          43      1.3611     1.35974  0.00125115
          44     1.35231     1.35957  0.00123398
          45     1.35577     1.35948  0.00120919
          46     1.35381     1.35936  0.00118903
          47     1.34859     1.35913  0.00118583
          48     1.36728      1.3593   0.0011732
          49     1.36569     1.35943  0.00115638
          50     1.34792      1.3592  0.00115618
          51     1.36594     1.35933  0.00114097
          52     1.36708     1.35948  0.00112869
          53     1.35225     1.35935  0.00111556
          54     1.35123      1.3592  0.00110497
          55     1.34733     1.35898  0.00110596
          56     1.34761     1.35878  0.00110483
          57     1.34964     1.35862  0.00109706
          58     1.36039     1.35865  0.00107841
          59     1.37729     1.35896  0.00110607
          60     1.37034     1.35915  0.00110389
          61     1.35164     1.35903  0.00109261
          62     1.36192     1.35908  0.00107585
          63     1.35013     1.35893  0.00106812
          64     1.35569     1.35888  0.00105253
          65     1.36409     1.35896   0.0010393
          66     1.36776      1.3591  0.00103208
          67     1.35042     1.35897  0.00102478
          68     1.37029     1.35913  0.00102325
          69     1.35296     1.35904  0.00101228
          70     1.35606       1.359 0.000998622
          71     1.33936     1.35873   0.0010226
          72     1.36815     1.35886  0.00101675
          73     1.35065     1.35874  0.00100901
          74     1.35997     1.35876 0.000995422
          75     1.37103     1.35892 0.000995596
          76     1.35329     1.35885 0.000985197
          77     1.36773     1.35897 0.000979128
          78     1.34997     1.35885 0.000973347
          79     1.37291     1.35903   0.0009773
          80     1.35489     1.35898 0.000966391
          81     1.35686     1.35895 0.000954743
          82     1.35284     1.35888 0.000945964
          83      1.3551     1.35883 0.000935603
          84     1.35514     1.35879  0.00092544
          85     1.34727     1.35865 0.000924463
          86     1.35035     1.35855 0.000918734
          87     1.35522     1.35852 0.000908922
          88      1.3624     1.35856 0.000899618
          89      1.3604     1.35858 0.000889692
          90     1.33443     1.35831 0.000919779
          91     1.36749     1.35841 0.000915192
          92      1.3562     1.35839  0.00090551
          93     1.35244     1.35833 0.000898004
          94     1.36251     1.35837 0.000889512
          95     1.35492     1.35833 0.000880848
          96     1.35836     1.35833 0.000871625
          97     1.35976     1.35835 0.000862717
          98     1.33903     1.35815 0.000876316
          99     1.35419     1.35811 0.000868341
         100     1.36892     1.35822 0.000866378
           1     1.07833     1.07833           0
           2     1.08017     1.07925 0.000916089
           3      1.0864     1.08163  0.00244191
           4     1.08073     1.08141   0.0017415
           5     1.08355     1.08184  0.00141534
           6     1.06794     1.07952  0.00258779
           7     1.08088     1.07971  0.00219569
           8      1.0809     1.07986  0.00190728
           9     1.09288     1.08131  0.00221854
          10     1.08047     1.08122  0.00198611
          11     1.08372     1.08145  0.00181075
          12     1.08509     1.08175   0.0016806
          13     1.08706     1.08216  0.00159881
          14     1.08214     1.08216  0.00148021
          15     1.08253     1.08219  0.00137822
          16     1.08959     1.08265  0.00136975
          17     1.07338      1.0821  0.00139728
          18      1.0718     1.08153  0.00143626
          19     1.07881     1.08139  0.00136611
          20     1.07952     1.08129  0.00129936
          21     1.08828     1.08163  0.00127997
          22     1.08242     1.08166  0.00122093
          23     1.08002     1.08159  0.00116883
          24     1.08995     1.08194  0.00117202
          25     1.08268     1.08197  0.00112455
          26     1.07723     1.08179  0.00109569
          27     1.07658     1.08159  0.00107185
          28      1.0841     1.08168  0.00103672
          29     1.08529     1.08181  0.00100804
          30     1.07085     1.08144  0.00104014
          31     1.06346     1.08086  0.00116135
          32     1.08442     1.08097  0.00112995
          33     1.08606     1.08113  0.00110598
          34     1.07568     1.08097  0.00108486
          35     1.06903     1.08063  0.00110725
          36     1.07354     1.08043  0.00109393
          37     1.07996     1.08042  0.00106403
          38     1.07555     1.08029  0.00104355
          39      1.0822     1.08034  0.00101762
          40     1.08338     1.08041 0.000994761
          41     1.08395      1.0805 0.000974029
          42     1.07709     1.08042 0.000954016
          43     1.07251     1.08024 0.000949544
          44     1.06486     1.07989 0.000991317
          45     1.08445     1.07999 0.000974321
          46     1.07929     1.07997 0.000953024
          47     1.08122        1.08 0.000932905
          48     1.07812     1.07996 0.000914099
          49     1.08321     1.08003 0.000897707
          50     1.07508     1.07993 0.000885111
          51      1.0901     1.08013 0.000890199
          52      1.0858     1.08024 0.000879716
          53     1.08784     1.08038 0.000874806
          54      1.0829     1.08043 0.000859727
          55     1.08607     1.08053 0.000850168
          56     1.08562     1.08062 0.000839786
          57     1.07471     1.08052 0.000831411
          58     1.07754     1.08046 0.000818564
          59     1.08941     1.08062 0.000818718
          60     1.07248     1.08048  0.00081629
          61     1.08262     1.08052 0.000803565
          62      1.0643     1.08025 0.000832641
          63     1.07702      1.0802 0.000820927
          64     1.08435     1.08027 0.000810589
          65     1.08786     1.08038 0.000806518
          66     1.08886     1.08051 0.000804515
          67     1.07406     1.08042 0.000798244
          68     1.08321     1.08046 0.000787494
          69     1.09071     1.08061 0.000790106
          70     1.06321     1.08036 0.000817446
          71     1.08215     1.08038 0.000806247
          72     1.08518     1.08045 0.000797757
          73     1.09468     1.08064 0.000810536
          74     1.08217     1.08066 0.000799772
          75     1.08229     1.08069 0.000789335
          76     1.08872     1.08079 0.000786015
          77     1.08397     1.08083  0.00077684
          78     1.07837      1.0808 0.000767464
          79     1.07474     1.08073 0.000761569
          80     1.09049     1.08085 0.000761824
          81     1.07517     1.08078 0.000755621
          82     1.07338     1.08069 0.000751785
          83     1.08291     1.08071 0.000743153
          84      1.0739     1.08063 0.000738723
          85     1.07204     1.08053 0.000736941
          86     1.08548     1.08059 0.000730588
          87     1.08653     1.08066 0.000725363
          88     1.07199     1.08056   0.0007238
          89      1.0911     1.08068 0.000725362
          90     1.07466     1.08061 0.000720364
          91     1.07631     1.08056 0.000713973
          92     1.07329     1.08048 0.000710576
          93     1.09461     1.08064 0.000719115
          94     1.07173     1.08054  0.00071771
          95     1.08795     1.08062 0.000714387
          96     1.10032     1.08082 0.000736082
          97     1.08602     1.08088 0.000730422
          98     1.09631     1.08104 0.000739879
          99     1.09149     1.08114 0.000739935
         100     1.07239     1.08105 0.000737713
           1    0.889512    0.889512           0
           2    0.895119    0.892316  0.00280352
           3    0.887615    0.890749  0.00225274
           4    0.894165    0.891603   0.0018075
           5    0.892609    0.891804  0.00141447
           6    0.885643    0.890777  0.00154544
           7    0.891919     0.89094  0.00131628
           8    0.886716    0.890412  0.00125626
           9    0.884787    0.889787  0.00127209
          10    0.894391    0.890248  0.00122739
          11    0.902078    0.891323  0.00154573
          12     0.89118    0.891311   0.0014111
          13    0.891721    0.891343  0.00129841
          14    0.887637    0.891078  0.00123089
          15    0.890593    0.891046  0.00114635
          16    0.884492    0.890636  0.00114787
          17    0.878827    0.889941  0.00128262
          18    0.878081    0.889283  0.00137714
          19    0.890202    0.889331  0.00130354
          20      0.8925    0.889489  0.00124675
          21    0.885302     0.88929  0.00120254
          22    0.892696    0.889445  0.00115698
          23    0.890745    0.889501  0.00110698
          24    0.891647    0.889591  0.00106362
          25    0.886083     0.88945  0.00102979
          26    0.890748      0.8895 0.000990649
          27    0.884262    0.889306 0.000972792
          28    0.896319    0.889557 0.000970285
          29    0.892569    0.889661 0.000941973
          30    0.888186    0.889611  0.00091136
          31    0.878021    0.889238 0.000957485
          32    0.885165     0.88911 0.000935774
          33    0.884397    0.888967 0.000918151
          34    0.891097     0.88903 0.000892936
          35    0.889545    0.889045 0.000867173
          36    0.885575    0.888948 0.000848235
          37    0.886525    0.888883 0.000827587
          38    0.891894    0.888962 0.000809403
          39     0.90206    0.889298 0.000856927
          40    0.889327    0.889299 0.000835229
          41     0.89621    0.889467 0.000831861
          42    0.896976    0.889646 0.000831264
          43    0.890732    0.889671 0.000812095
          44    0.888405    0.889643 0.000793946
          45    0.893705    0.889733 0.000781335
          46     0.88441    0.889617 0.000772873
          47    0.888292    0.889589 0.000756775
          48    0.895109    0.889704 0.000749716
          49    0.883877    0.889585 0.000743824
          50    0.899038    0.889774 0.000752921
          51    0.893221    0.889842 0.000741099
          52    0.886838    0.889784    0.000729
          53    0.889703    0.889782 0.000715115
          54    0.891458    0.889813 0.000702433
          55     0.88746    0.889771 0.000690869
          56    0.882313    0.889637 0.000691367
          57    0.898196    0.889788 0.000695529
          58    0.884756    0.889701 0.000688914
          59    0.893271    0.889761 0.000679836
          60    0.887759    0.889728 0.000669242
          61    0.884474    0.889642 0.000663791
          62    0.888109    0.889617 0.000653464
          63    0.891206    0.889642 0.000643503
          64    0.886568    0.889594 0.000635187
          65    0.890121    0.889602 0.000625391
          66    0.886912    0.889562 0.000617189
          67    0.900189     0.88972  0.00062826
          68    0.904054    0.889931 0.000653859
          69    0.892713    0.889971 0.000645574
          70    0.875788    0.889769 0.000667766
          71    0.883953    0.889687 0.000663371
          72    0.884444    0.889614 0.000658134
          73     0.88667    0.889574 0.000650307
          74    0.890874    0.889591   0.0006417
          75    0.890899    0.889609 0.000633326
          76    0.894329    0.889671 0.000628016
          77    0.883012    0.889584 0.000625809
          78    0.885773    0.889535 0.000619664
          79     0.88104    0.889428 0.000621148
          80    0.884396    0.889365 0.000616552
          81    0.887025    0.889336 0.000609578
          82     0.89288    0.889379 0.000603647
          83    0.885108    0.889328 0.000598547
          84    0.882685    0.889249 0.000596643
          85    0.880377    0.889144 0.000598749
          86    0.895014    0.889213 0.000595669
          87    0.886474    0.889181 0.000589624
          88    0.883449    0.889116 0.000586514
          89     0.89661      0.8892 0.000585968
          90    0.891863     0.88923 0.000580176
          91    0.882995    0.889161 0.000577841
          92    0.894196    0.889216 0.000574139
          93    0.889866    0.889223 0.000567975
          94    0.893496    0.889269 0.000563736
          95    0.878231    0.889152 0.000569743
          96    0.890845     0.88917 0.000564053
          97    0.889091    0.889169 0.000558208
          98    0.887126    0.889148 0.000552876
          99     0.89113    0.889168 0.000547629
         100    0.893039    0.889207 0.000543505
           1    0.756558    0.756558           0
           2    0.757241    0.756899 0.000341818
           3    0.752023    0.755274  0.00163754
           4    0.751979     0.75445  0.00142096
           5    0.751256    0.753811  0.00127268
           6    0.750803     0.75331  0.00115378
           7    0.752766    0.753232 0.000978214
           8    0.753338    0.753245 0.000847261
           9    0.751808    0.753086 0.000764085
          10    0.757774    0.753555 0.000828768
          11    0.747603    0.753014 0.000924479
          12    0.747883    0.752586 0.000946049
          13    0.743718    0.751904  0.00110576
          14    0.747826    0.751613  0.00106437
          15    0.748307    0.751392  0.00101509
          16    0.753601     0.75153 0.000959512
          17    0.755192    0.751746 0.000926684
          18     0.75193    0.751756 0.000873746
          19    0.752738    0.751808 0.000828097
          20    0.745401    0.751487 0.000848398
          21    0.754354    0.751624 0.000818451
          22    0.750301    0.751564 0.000782676
          23    0.755152     0.75172 0.000763977
          24     0.74523    0.751449 0.000779828
          25    0.752296    0.751483 0.000748752
          26    0.755962    0.751655 0.000739717
          27    0.747415    0.751498 0.000728911
          28    0.750033    0.751446 0.000704342
          29    0.755791    0.751596 0.000695943
          30    0.749571    0.751528 0.000675725
          31    0.757892    0.751734 0.000685045
          32    0.752753    0.751765 0.000664056
          33    0.756461    0.751908  0.00065916
          34    0.754746    0.751991 0.000644903
          35    0.747537    0.751864  0.00063901
          36    0.754046    0.751925 0.000623956
          37    0.753099    0.751956 0.000607688
          38    0.751657    0.751948 0.000591533
          39    0.752778     0.75197 0.000576558
          40    0.746547    0.751834 0.000578078
          41    0.760678     0.75205 0.000603654
          42    0.752556    0.752062  0.00058923
          43     0.75307    0.752085 0.000575841
          44    0.754038     0.75213  0.00056435
          45    0.742863    0.751924 0.000588849
          46    0.761402     0.75213 0.000611657
          47    0.756115    0.752215 0.000604479
          48    0.757165    0.752318 0.000600671
          49    0.751343    0.752298 0.000588622
          50     0.75388     0.75233 0.000577597
          51    0.751455    0.752312 0.000566418
          52    0.750678    0.752281 0.000556307
          53    0.757019     0.75237 0.000552985
          54    0.744243     0.75222 0.000563131
          55    0.750557     0.75219 0.000553623
          56    0.749211    0.752136 0.000546243
          57    0.751502    0.752125  0.00053669
          58     0.75644      0.7522 0.000532578
          59    0.754607     0.75224 0.000525061
          60    0.754463    0.752278 0.000517563
          61    0.751278    0.752261 0.000509271
          62    0.758437    0.752361 0.000510797
          63    0.758901    0.752465 0.000513233
          64    0.744983    0.752348 0.000518501
          65    0.754115    0.752375 0.000511186
          66     0.75827    0.752464 0.000511244
          67    0.752958    0.752472 0.000503609
          68    0.747655    0.752401 0.000501179
          69    0.759226      0.7525  0.00050367
          70    0.755456    0.752542 0.000498216
          71    0.749719    0.752502 0.000492755
          72    0.755159    0.752539 0.000487263
          73    0.747346    0.752468 0.000485779
          74    0.756057    0.752516 0.000481618
          75    0.753181    0.752525 0.000475236
          76    0.748885    0.752477 0.000471381
          77    0.766053    0.752654 0.000497506
          78    0.751774    0.752642 0.000491216
          79    0.755594     0.75268 0.000486395
          80    0.751999    0.752671 0.000480352
          81     0.75286    0.752674 0.000474391
          82    0.749433    0.752634 0.000470233
          83    0.750021    0.752603 0.000465599
          84    0.751674    0.752591 0.000460155
          85    0.748678    0.752545 0.000457034
          86    0.758362    0.752613 0.000456725
          87    0.747918    0.752559 0.000454659
          88    0.748808    0.752516 0.000451479
          89     0.74676    0.752452  0.00045104
          90    0.754222    0.752471 0.000446433
          91    0.752862    0.752476 0.000441521
          92    0.748351    0.752431  0.00043899
          93    0.754845    0.752457  0.00043502
          94    0.744147    0.752368 0.000439353
          95    0.748379    0.752327 0.000436728
          96    0.748944    0.752291 0.000433589
          97     0.75255    0.752294 0.000429104
          98    0.760247    0.752375 0.000432387
          99    0.752866     0.75238 0.000428026
         100    0.746441    0.752321 0.000427866
           1    0.646179    0.646179           0
           2    0.649069    0.647624  0.00144507
           3    0.647342     0.64753 0.000839583
           4    0.645261    0.646963 0.000821015
           5     0.65155     0.64788  0.00111626
           6    0.643431    0.647138  0.00117499
           7    0.649938    0.647538  0.00107054
           8    0.649705    0.647809 0.000965862
           9    0.648725    0.647911  0.00085786
          10    0.653665    0.648486 0.000959069
          11     0.64785    0.648428 0.000869437
          12    0.655158    0.648989 0.000971823
          13     0.65174    0.649201 0.000918653
          14    0.644119    0.648838 0.000924739
          15    0.652646    0.649092 0.000897547
          16    0.644368    0.648797 0.000889975
          17    0.651688    0.648967 0.000853113
          18    0.650954    0.649077 0.000811862
          19    0.647885    0.649014 0.000770503
          20    0.642852    0.648706 0.000793252
          21    0.648126    0.648679 0.000755039
          22    0.650814    0.648776 0.000726414
          23    0.649855    0.648822 0.000695696
          24    0.650708    0.648901 0.000670696
          25     0.65079    0.648977 0.000647731
          26    0.643446    0.648764 0.000657665
          27     0.65137     0.64886 0.000640158
          28     0.65192     0.64897 0.000626477
          29    0.654613    0.649164 0.000635039
          30    0.644965    0.649024 0.000629273
          31    0.653083    0.649155 0.000622562
          32    0.647566    0.649106 0.000604836
          33    0.653138    0.649228 0.000598824
          34    0.653619    0.649357 0.000595131
          35    0.649009    0.649347 0.000577962
          36    0.645337    0.649236 0.000572618
          37    0.653106     0.64934 0.000566666
          38    0.648685    0.649323 0.000551822
          39    0.651405    0.649376 0.000540131
          40    0.646721     0.64931 0.000530625
          41    0.644061    0.649182 0.000533123
          42    0.652912    0.649271   0.0005278
          43    0.651635    0.649326 0.000518305
          44    0.646396    0.649259 0.000510747
          45    0.648164    0.649235  0.00049986
          46    0.656696    0.649397 0.000515076
          47    0.647289    0.649352  0.00050599
          48    0.659826     0.64957 0.000541265
          49     0.65956    0.649774 0.000567954
          50    0.649414    0.649767 0.000556525
          51    0.654769    0.649865  0.00055425
          52    0.647298    0.649816 0.000545724
          53    0.654958    0.649913  0.00054405
          54    0.653786    0.649984 0.000538675
          55    0.652311    0.650027  0.00053048
          56    0.648626    0.650002 0.000521521
          57    0.649827    0.649999 0.000512299
          58    0.650979    0.650016 0.000503673
          59    0.646262    0.649952 0.000499133
          60    0.648465    0.649927 0.000491369
          61    0.651735    0.649957 0.000484155
          62    0.649511     0.64995 0.000476336
          63    0.648765    0.649931 0.000469091
          64    0.640259     0.64978 0.000485809
          65    0.647558    0.649746 0.000479496
          66    0.648542    0.649727 0.000472527
          67     0.65237    0.649767 0.000467089
          68    0.653736    0.649825 0.000463857
          69    0.649798    0.649825 0.000457085
          70    0.642864    0.649725 0.000461351
          71    0.652304    0.649762 0.000456254
          72    0.646955    0.649723 0.000451558
          73    0.654218    0.649784 0.000449566
          74    0.649373    0.649779 0.000443484
          75    0.652093    0.649809 0.000438618
          76    0.647562     0.64978 0.000433817
          77    0.648773    0.649767 0.000428346
          78    0.646215    0.649721 0.000425263
          79    0.649162    0.649714 0.000419905
          80    0.650498    0.649724 0.000414739
          81    0.652927    0.649764 0.000411491
          82    0.644172    0.649695 0.000412123
          83    0.646596    0.649658 0.000408836
          84    0.644871    0.649601 0.000407939
          85    0.652725    0.649638 0.000404783
          86    0.653427    0.649682 0.000402468
          87     0.64786    0.649661 0.000398366
          88    0.648512    0.649648 0.000394029
          89    0.650657    0.649659 0.000389741
          90     0.65723    0.649743 0.000394461
          91     0.65079    0.649755 0.000390272
          92    0.646869    0.649723  0.00038728
          93    0.646323    0.649687 0.000384833
          94    0.646856    0.649657 0.000381907
          95    0.651989    0.649681 0.000378662
          96    0.646793    0.649651 0.000375903
          97    0.647215    0.649626 0.000372854
          98    0.645869    0.649588 0.000371016
          99    0.650099    0.649593 0.000367285
         100    0.649192    0.649589 0.000363616
