1 -0.974196 -0.974196 0
2 -0.973354 -0.973775 0.0004212
3 -0.971918 -0.973156 0.000664868
4 -0.975676 -0.973786 0.000786082
5 -0.972782 -0.973585 0.000641177
6 -0.975358 -0.973881 0.000601116
7 -0.972794 -0.973725 0.000531202
8 -0.973548 -0.973703 0.000460569
9 -0.972195 -0.973536 0.000439386
10 -0.976101 -0.973792 0.000469306
11 -0.975334 -0.973932 0.000447034
12 -0.972425 -0.973807 0.000426983
13 -0.977355 -0.97408 0.000478305
14 -0.975842 -0.974206 0.000460377
15 -0.975382 -0.974284 0.00043571
16 -0.97202 -0.974142 0.000431434
17 -0.976203 -0.974264 0.000423002
18 -0.974974 -0.974303 0.000400755
19 -0.976091 -0.974397 0.000390583
20 -0.972374 -0.974296 0.000384106
21 -0.976018 -0.974378 0.00037445
22 -0.975338 -0.974422 0.000359683
23 -0.975338 -0.974462 0.000345988
24 -0.975594 -0.974509 0.000334604
25 -0.975886 -0.974564 0.000325632
26 -0.975802 -0.974611 0.000316458
27 -0.975485 -0.974644 0.000306225
28 -0.97297 -0.974584 0.000301083
29 -0.972366 -0.974508 0.000300411
30 -0.972905 -0.974454 0.000295101
31 -0.974221 -0.974447 0.000285522
32 -0.973349 -0.974412 0.000278576
33 -0.972572 -0.974357 0.000275701
34 -0.974753 -0.974368 0.000267723
35 -0.974664 -0.974377 0.000260099
36 -0.972613 -0.974328 0.000257475
37 -0.973652 -0.974309 0.000251084
38 -0.972223 -0.974254 0.000250478
39 -0.974514 -0.974261 0.000244061
40 -0.972598 -0.97422 0.00024149
41 -0.972139 -0.974169 0.000240929
42 -0.971789 -0.974112 0.000241855
43 -0.970422 -0.974026 0.000251269
44 -0.97687 -0.974091 0.000253854
45 -0.974443 -0.974099 0.000248273
46 -0.976908 -0.97416 0.000250378
47 -0.974014 -0.974157 0.000245012
48 -0.974562 -0.974165 0.000240002
49 -0.975894 -0.9742 0.000237685
50 -0.970275 -0.974122 0.000245759
51 -0.9747 -0.974133 0.000241158
52 -0.973464 -0.97412 0.000236825
53 -0.972826 -0.974096 0.000233595
54 -0.975121 -0.974115 0.000230012
55 -0.97209 -0.974078 0.000228775
56 -0.972395 -0.974048 0.000226653
57 -0.970528 -0.973986 0.000231047
58 -0.974751 -0.973999 0.000227412
59 -0.974581 -0.974009 0.000223741
60 -0.976353 -0.974048 0.000223421
61 -0.972941 -0.97403 0.000220477
62 -0.972776 -0.97401 0.000217833
63 -0.976413 -0.974048 0.000217714
64 -0.976217 -0.974082 0.000216948
65 -0.971586 -0.974044 0.000217008
66 -0.972064 -0.974014 0.000215789
67 -0.9734 -0.974004 0.000212741
68 -0.972327 -0.97398 0.000211036
69 -0.976444 -0.974016 0.000210999
70 -0.972227 -0.97399 0.000209526
71 -0.973165 -0.973978 0.000206881
72 -0.972614 -0.973959 0.000204866
73 -0.972771 -0.973943 0.000202695
74 -0.972912 -0.973929 0.000200422
75 -0.97329 -0.973921 0.000197915
76 -0.972664 -0.973904 0.000195993
77 -0.974699 -0.973914 0.000193706
78 -0.976334 -0.973945 0.000193705
79 -0.972021 -0.973921 0.000192783
80 -0.969355 -0.973864 0.00019873
81 -0.976914 -0.973902 0.000199842
82 -0.97609 -0.973928 0.000199186
83 -0.974418 -0.973934 0.00019686
84 -0.974149 -0.973937 0.000194519
85 -0.975186 -0.973952 0.000192778
86 -0.975394 -0.973968 0.000191261
87 -0.971654 -0.973942 0.000190911
88 -0.975179 -0.973956 0.000189253
89 -0.972802 -0.973943 0.000187563
90 -0.974759 -0.973952 0.000185689
91 -0.972446 -0.973935 0.000184381
92 -0.974239 -0.973939 0.000182396
93 -0.972402 -0.973922 0.000181178
94 -0.973586 -0.973919 0.000179276
95 -0.973394 -0.973913 0.000177465
96 -0.978191 -0.973958 0.000181173
97 -0.976554 -0.973984 0.000181283
98 -0.974628 -0.973991 0.000179544
99 -0.973218 -0.973983 0.000177893
100 -0.976134 -0.974005 0.000177413
1 -0.868824 -0.868824 0
2 -0.869898 -0.869361 0.0005368
3 -0.871134 -0.869952 0.000667509
4 -0.869974 -0.869957 0.000472031
5 -0.869264 -0.869819 0.00039105
6 -0.870746 -0.869973 0.000354756
7 -0.869362 -0.869886 0.0003123
8 -0.869993 -0.869899 0.00027079
9 -0.868882 -0.869786 0.000264232
10 -0.870414 -0.869849 0.000244543
11 -0.869228 -0.869793 0.000228289
12 -0.870061 -0.869815 0.000209593
13 -0.869437 -0.869786 0.00019498
14 -0.870789 -0.869857 0.000194212
15 -0.872543 -0.870037 0.000254455
16 -0.871654 -0.870138 0.000258589
17 -0.870679 -0.870169 0.000244982
18 -0.87061 -0.870194 0.000232267
19 -0.869653 -0.870165 0.000221541
20 -0.867957 -0.870055 0.00023742
21 -0.869486 -0.870028 0.000227453
22 -0.868984 -0.86998 0.000221999
23 -0.86948 -0.869959 0.00021324
24 -0.870723 -0.869991 0.000206632
25 -0.869745 -0.869981 0.000198438
26 -0.869324 -0.869955 0.000192319
27 -0.87085 -0.869989 0.000188004
28 -0.869952 -0.869987 0.00018117
29 -0.869098 -0.869957 0.000177478
30 -0.868543 -0.86991 0.000177816
31 -0.871848 -0.869972 0.000182999
32 -0.869897 -0.86997 0.000177204
33 -0.873152 -0.870066 0.00019697
34 -0.871648 -0.870113 0.000196671
35 -0.870334 -0.870119 0.000191075
36 -0.871125 -0.870147 0.000187781
37 -0.86937 -0.870126 0.00018384
38 -0.868733 -0.870089 0.000182654
39 -0.869551 -0.870075 0.000178443
40 -0.870712 -0.870091 0.000174651
41 -0.871422 -0.870124 0.000173404
42 -0.870235 -0.870127 0.000169246
43 -0.870679 -0.870139 0.000165762
44 -0.870062 -0.870138 0.00016196
45 -0.870568 -0.870147 0.000158609
46 -0.86852 -0.870112 0.000159105
47 -0.86799 -0.870067 0.000162094
48 -0.869334 -0.870051 0.000159412
49 -0.870099 -0.870052 0.000156128
50 -0.870554 -0.870062 0.000153303
51 -0.870561 -0.870072 0.000150584
52 -0.872672 -0.870122 0.000155895
53 -0.869717 -0.870115 0.000153116
54 -0.870735 -0.870126 0.000150693
55 -0.87147 -0.87015 0.000149931
56 -0.871242 -0.87017 0.000148515
57 -0.869937 -0.870166 0.000145943
58 -0.870941 -0.870179 0.000144026
59 -0.868536 -0.870151 0.000144278
60 -0.871178 -0.870168 0.00014288
61 -0.870258 -0.87017 0.000140526
62 -0.870916 -0.870182 0.000138764
63 -0.868909 -0.870162 0.000138031
64 -0.87155 -0.870183 0.000137578
65 -0.869811 -0.870178 0.000135566
66 -0.871299 -0.870195 0.000134574
67 -0.870374 -0.870197 0.000132577
68 -0.870263 -0.870198 0.000130616
69 -0.873438 -0.870245 0.000137003
70 -0.870434 -0.870248 0.000135059
71 -0.869577 -0.870239 0.000133478
72 -0.870791 -0.870246 0.000131835
73 -0.86939 -0.870235 0.000130545
74 -0.871874 -0.870257 0.00013066
75 -0.870506 -0.87026 0.000128949
76 -0.869373 -0.870248 0.000127775
77 -0.869309 -0.870236 0.000126694
78 -0.869084 -0.870221 0.000125928
79 -0.869269 -0.870209 0.000124907
80 -0.870324 -0.870211 0.000123344
81 -0.867967 -0.870183 0.000124921
82 -0.870081 -0.870182 0.000123395
83 -0.868452 -0.870161 0.000123668
84 -0.869654 -0.870155 0.000122335
85 -0.867956 -0.870129 0.000123625
86 -0.871084 -0.87014 0.000122682
87 -0.869905 -0.870137 0.000121294
88 -0.870902 -0.870146 0.000120222
89 -0.872372 -0.870171 0.000121467
90 -0.870553 -0.870175 0.000120184
91 -0.869798 -0.870171 0.000118928
92 -0.872002 -0.870191 0.000119299
93 -0.869348 -0.870182 0.000118357
94 -0.86945 -0.870174 0.00011735
95 -0.871682 -0.87019 0.000117187
96 -0.870826 -0.870197 0.000116149
97 -0.867399 -0.870168 0.000118508
98 -0.87144 -0.870181 0.000118009
99 -0.869607 -0.870175 0.000116955
100 -0.871354 -0.870187 0.000116378
1 -0.76153 -0.76153 0
2 -0.76175 -0.76164 0.00011
3 -0.761442 -0.761574 9.15933e-05
4 -0.762717 -0.76186 0.000292852
5 -0.761865 -0.761861 0.000226844
6 -0.761022 -0.761721 0.000232031
7 -0.760941 -0.76161 0.000225577
8 -0.761212 -0.76156 0.000201582
9 -0.760316 -0.761422 0.00022519
10 -0.761259 -0.761406 0.000202071
11 -0.762124 -0.761471 0.0001941
12 -0.761182 -0.761447 0.00017882
13 -0.760745 -0.761393 0.000173126
14 -0.762057 -0.76144 0.000167155
15 -0.760783 -0.761396 0.000161659
16 -0.761738 -0.761418 0.000152721
17 -0.76127 -0.761409 0.000143718
18 -0.76003 -0.761332 0.000155671
19 -0.761455 -0.761339 0.000147391
20 -0.760474 -0.761296 0.000146356
21 -0.760944 -0.761279 0.000140216
22 -0.762091 -0.761316 0.000138696
23 -0.76201 -0.761346 0.000135925
24 -0.759943 -0.761288 0.000142663
25 -0.762217 -0.761325 0.000141795
26 -0.760065 -0.761276 0.000144595
27 -0.760446 -0.761246 0.000142491
28 -0.761026 -0.761238 0.000137531
29 -0.761275 -0.761239 0.00013271
30 -0.760901 -0.761228 0.000128705
31 -0.761634 -0.761241 0.00012517
32 -0.762483 -0.76128 0.000127262
33 -0.76213 -0.761305 0.000126011
34 -0.763325 -0.761365 0.000135912
35 -0.762555 -0.761399 0.000136284
36 -0.760585 -0.761376 0.000134361
37 -0.761423 -0.761378 0.000130685
38 -0.76189 -0.761391 0.000127913
39 -0.760836 -0.761377 0.000125401
40 -0.761324 -0.761375 0.000122232
41 -0.761601 -0.761381 0.00011934
42 -0.761578 -0.761386 0.000116559
43 -0.762638 -0.761415 0.000117486
44 -0.760659 -0.761398 0.000116062
45 -0.759768 -0.761361 0.000119093
46 -0.760939 -0.761352 0.000116836
47 -0.761648 -0.761359 0.000114497
48 -0.760339 -0.761337 0.00011408
49 -0.761021 -0.761331 0.000111914
50 -0.761403 -0.761332 0.000109662
51 -0.761935 -0.761344 0.000108139
52 -0.762051 -0.761358 0.000106907
53 -0.763512 -0.761398 0.000112472
54 -0.760986 -0.761391 0.000110634
55 -0.761545 -0.761393 0.00010864
56 -0.762158 -0.761407 0.000107552
57 -0.762081 -0.761419 0.000106307
58 -0.761417 -0.761419 0.000104458
59 -0.760393 -0.761402 0.000104135
60 -0.762242 -0.761416 0.000103339
61 -0.761797 -0.761422 0.000101823
62 -0.761135 -0.761417 0.000100274
63 -0.761401 -0.761417 9.86697e-05
64 -0.762853 -0.761439 9.96737e-05
65 -0.761778 -0.761445 9.82668e-05
66 -0.761119 -0.76144 9.68919e-05
67 -0.761348 -0.761438 9.54446e-05
68 -0.761188 -0.761435 9.41025e-05
69 -0.762092 -0.761444 9.32169e-05
70 -0.761807 -0.761449 9.20219e-05
71 -0.761608 -0.761452 9.07441e-05
72 -0.761656 -0.761454 8.95199e-05
73 -0.760686 -0.761444 8.8911e-05
74 -0.761261 -0.761441 8.77361e-05
75 -0.762054 -0.76145 8.69425e-05
76 -0.761529 -0.761451 8.57972e-05
77 -0.762126 -0.761459 8.51293e-05
78 -0.761177 -0.761456 8.41089e-05
79 -0.761962 -0.761462 8.32847e-05
80 -0.76146 -0.761462 8.2237e-05
81 -0.761963 -0.761468 8.14507e-05
82 -0.761643 -0.76147 8.04795e-05
83 -0.761502 -0.761471 7.95049e-05
84 -0.761234 -0.761468 7.86035e-05
85 -0.762034 -0.761475 7.79577e-05
86 -0.762475 -0.761486 7.79193e-05
87 -0.761138 -0.761482 7.71222e-05
88 -0.761718 -0.761485 7.6288e-05
89 -0.761998 -0.761491 7.56456e-05
90 -0.761151 -0.761487 7.48954e-05
91 -0.759626 -0.761467 7.6838e-05
92 -0.760973 -0.761461 7.61874e-05
93 -0.761086 -0.761457 7.54714e-05
94 -0.761611 -0.761459 7.46822e-05
95 -0.761773 -0.761462 7.39658e-05
96 -0.76095 -0.761457 7.33856e-05
97 -0.762077 -0.761463 7.29059e-05
98 -0.760447 -0.761453 7.2899e-05
99 -0.761804 -0.761456 7.22461e-05
100 -0.76195 -0.761461 7.16904e-05
1 -0.664226 -0.664226 0
2 -0.663518 -0.663872 0.0003544
3 -0.663806 -0.66385 0.000205778
4 -0.663856 -0.663852 0.000145514
5 -0.66482 -0.664045 0.000224091
6 -0.663712 -0.66399 0.000191215
7 -0.664486 -0.664061 0.000176496
8 -0.664969 -0.664174 0.000190391
9 -0.664214 -0.664179 0.000167968
10 -0.663577 -0.664118 0.000161843
11 -0.664305 -0.664135 0.000147369
12 -0.663478 -0.664081 0.000145269
13 -0.664068 -0.66408 0.000133631
14 -0.663262 -0.664021 0.000136823
15 -0.663799 -0.664006 0.000128232
16 -0.663647 -0.663984 0.000122033
17 -0.66383 -0.663975 0.000114985
18 -0.665206 -0.664043 0.000128168
19 -0.664412 -0.664063 0.000122779
20 -0.663978 -0.664058 0.000116556
21 -0.663953 -0.664053 0.000110981
22 -0.664552 -0.664076 0.000108216
23 -0.664162 -0.66408 0.00010347
24 -0.664858 -0.664112 0.000104232
25 -0.66412 -0.664113 9.99761e-05
26 -0.663946 -0.664106 9.62662e-05
27 -0.663261 -0.664075 9.778e-05
28 -0.664427 -0.664087 9.50599e-05
29 -0.664122 -0.664089 9.17314e-05
30 -0.663665 -0.664074 8.97399e-05
31 -0.664244 -0.66408 8.69689e-05
32 -0.664258 -0.664085 8.439e-05
33 -0.663567 -0.66407 8.32871e-05
34 -0.664598 -0.664085 8.22781e-05
35 -0.663956 -0.664082 7.99781e-05
36 -0.663725 -0.664072 7.83542e-05
37 -0.664183 -0.664075 7.62666e-05
38 -0.664008 -0.664073 7.42533e-05
39 -0.663978 -0.664071 7.23656e-05
40 -0.66462 -0.664084 7.18585e-05
41 -0.664418 -0.664092 7.05562e-05
42 -0.663172 -0.66407 7.2259e-05
43 -0.664574 -0.664082 7.15221e-05
44 -0.663453 -0.664068 7.13267e-05
45 -0.663576 -0.664057 7.05753e-05
46 -0.663726 -0.66405 6.93989e-05
47 -0.66252 -0.664017 7.53036e-05
48 -0.662595 -0.663988 7.94482e-05
49 -0.66404 -0.663989 7.78172e-05
50 -0.663911 -0.663987 7.62607e-05
51 -0.663966 -0.663987 7.47517e-05
52 -0.663988 -0.663987 7.33e-05
53 -0.664089 -0.663989 7.19295e-05
54 -0.664621 -0.664 7.15491e-05
55 -0.664175 -0.664004 7.03081e-05
56 -0.663725 -0.663999 6.92204e-05
57 -0.663582 -0.663991 6.8386e-05
58 -0.664015 -0.663992 6.71978e-05
59 -0.664833 -0.664006 6.75702e-05
60 -0.664654 -0.664017 6.73079e-05
61 -0.665146 -0.664035 6.87371e-05
62 -0.664222 -0.664038 6.76861e-05
63 -0.66443 -0.664044 6.68921e-05
64 -0.664362 -0.664049 6.60249e-05
65 -0.664886 -0.664062 6.62643e-05
66 -0.664362 -0.664067 6.54108e-05
67 -0.663043 -0.664052 6.62139e-05
68 -0.663574 -0.664045 6.56105e-05
69 -0.66357 -0.664038 6.50167e-05
70 -0.664098 -0.664039 6.40871e-05
71 -0.664994 -0.664052 6.45965e-05
72 -0.665243 -0.664069 6.58067e-05
73 -0.664955 -0.664081 6.60258e-05
74 -0.663208 -0.664069 6.61866e-05
75 -0.663986 -0.664068 6.53076e-05
76 -0.663427 -0.664059 6.49914e-05
77 -0.664107 -0.66406 6.41448e-05
78 -0.66325 -0.66405 6.41638e-05
79 -0.663381 -0.664041 6.39096e-05
80 -0.663972 -0.66404 6.31115e-05
81 -0.663195 -0.66403 6.31946e-05
82 -0.663936 -0.664029 6.24297e-05
83 -0.66412 -0.66403 6.16827e-05
84 -0.663368 -0.664022 6.14511e-05
85 -0.663446 -0.664015 6.11001e-05
86 -0.663895 -0.664014 6.04016e-05
87 -0.66373 -0.66401 5.97925e-05
88 -0.663614 -0.664006 5.9281e-05
89 -0.664938 -0.664016 5.95385e-05
90 -0.663622 -0.664012 5.90365e-05
91 -0.663829 -0.66401 5.84189e-05
92 -0.663799 -0.664008 5.78258e-05
93 -0.66505 -0.664019 5.82874e-05
94 -0.663854 -0.664017 5.76908e-05
95 -0.663796 -0.664015 5.71277e-05
96 -0.663954 -0.664014 5.6533e-05
97 -0.664473 -0.664019 5.61466e-05
98 -0.664479 -0.664024 5.57688e-05
99 -0.662678 -0.66401 5.68504e-05
100 -0.663714 -0.664007 5.63567e-05
1 -0.582922 -0.582922 0
2 -0.582878 -0.5829 2.24e-05
3 -0.58352 -0.583107 0.000207071
4 -0.582825 -0.583036 0.000162495
5 -0.583221 -0.583073 0.000131171
6 -0.582926 -0.583049 0.000109887
7 -0.582956 -0.583035 9.38074e-05
8 -0.583605 -0.583106 0.000108015
9 -0.582298 -0.583017 0.000130907
10 -0.582576 -0.582973 0.000125106
11 -0.58259 -0.582938 0.000118399
12 -0.583229 -0.582962 0.00011077
13 -0.582074 -0.582894 0.000122691
14 -0.58265 -0.582876 0.000114921
15 -0.583327 -0.582906 0.000111128
16 -0.58272 -0.582895 0.000104601
17 -0.583333 -0.58292 0.000101579
18 -0.583183 -0.582935 9.68757e-05
19 -0.58308 -0.582943 9.19522e-05
20 -0.582647 -0.582928 8.84759e-05
21 -0.58237 -0.582901 8.82571e-05
22 -0.582749 -0.582894 8.4435e-05
23 -0.583489 -0.58292 8.47184e-05
24 -0.58333 -0.582937 8.28926e-05
25 -0.582532 -0.582921 8.1144e-05
26 -0.582149 -0.582891 8.3428e-05
27 -0.582029 -0.582859 8.64024e-05
28 -0.581964 -0.582827 8.91903e-05
29 -0.581975 -0.582798 9.09397e-05
30 -0.583446 -0.58282 9.04684e-05
31 -0.583193 -0.582832 8.83254e-05
32 -0.582432 -0.582819 8.64281e-05
33 -0.582079 -0.582797 8.67178e-05
34 -0.58277 -0.582796 8.41324e-05
35 -0.582507 -0.582788 8.21089e-05
36 -0.583193 -0.582799 8.05849e-05
37 -0.583107 -0.582807 7.88181e-05
38 -0.582314 -0.582794 7.78048e-05
39 -0.582124 -0.582777 7.77084e-05
40 -0.583532 -0.582796 7.80562e-05
41 -0.582152 -0.58278 7.77324e-05
42 -0.582859 -0.582782 7.58823e-05
43 -0.582399 -0.582773 7.463e-05
44 -0.583441 -0.582788 7.44756e-05
45 -0.58267 -0.582786 7.2849e-05
46 -0.582164 -0.582772 7.25189e-05
47 -0.582514 -0.582767 7.11724e-05
48 -0.582922 -0.58277 6.97492e-05
49 -0.581762 -0.58275 7.13392e-05
50 -0.582486 -0.582744 7.00957e-05
51 -0.583172 -0.582753 6.92175e-05
52 -0.58275 -0.582753 6.78734e-05
53 -0.583577 -0.582768 6.83725e-05
54 -0.582638 -0.582766 6.71379e-05
55 -0.582874 -0.582768 6.59351e-05
56 -0.583593 -0.582782 6.64024e-05
57 -0.582218 -0.582773 6.59733e-05
58 -0.581954 -0.582758 6.63456e-05
59 -0.582294 -0.582751 6.56839e-05
60 -0.582465 -0.582746 6.47553e-05
61 -0.582365 -0.58274 6.39904e-05
62 -0.582739 -0.58274 6.29498e-05
63 -0.583254 -0.582748 6.24794e-05
64 -0.582731 -0.582747 6.14959e-05
65 -0.583078 -0.582753 6.07551e-05
66 -0.582438 -0.582748 6.00175e-05
67 -0.582906 -0.58275 5.91623e-05
68 -0.5837 -0.582764 5.99363e-05
69 -0.582478 -0.58276 5.92071e-05
70 -0.584122 -0.582779 6.15155e-05
71 -0.58267 -0.582778 6.06624e-05
72 -0.582597 -0.582775 5.98667e-05
73 -0.582869 -0.582777 5.90548e-05
74 -0.583551 -0.582787 5.91843e-05
75 -0.582641 -0.582785 5.84224e-05
76 -0.582931 -0.582787 5.76806e-05
77 -0.582199 -0.582779 5.74362e-05
78 -0.584133 -0.582797 5.92907e-05
79 -0.582981 -0.582799 5.85817e-05
80 -0.582624 -0.582797 5.78862e-05
81 -0.583492 -0.582806 5.78076e-05
82 -0.582478 -0.582802 5.72374e-05
83 -0.581866 -0.58279 5.7657e-05
84 -0.583147 -0.582794 5.71247e-05
85 -0.582397 -0.58279 5.66422e-05
86 -0.584178 -0.582806 5.82592e-05
87 -0.583062 -0.582809 5.76611e-05
88 -0.582877 -0.58281 5.70073e-05
89 -0.582682 -0.582808 5.63815e-05
90 -0.58314 -0.582812 5.58733e-05
91 -0.582917 -0.582813 5.52679e-05
92 -0.581239 -0.582796 5.72782e-05
93 -0.582394 -0.582792 5.68232e-05
94 -0.583559 -0.5828 5.68054e-05
95 -0.583134 -0.582803 5.6314e-05
96 -0.582715 -0.582802 5.57319e-05
97 -0.583672 -0.582811 5.58782e-05
98 -0.582739 -0.582811 5.531e-05
99 -0.583478 -0.582817 5.51614e-05
100 -0.581888 -0.582808 5.53922e-05
1 -0.516934 -0.516934 0
2 -0.516122 -0.516528 0.0004056
3 -0.517488 -0.516848 0.000396531
4 -0.515802 -0.516587 0.000383339
5 -0.51629 -0.516527 0.000302785
6 -0.516263 -0.516483 0.000251112
7 -0.516468 -0.516481 0.00021224
8 -0.517346 -0.516589 0.000213266
9 -0.51716 -0.516653 0.000198484
10 -0.51537 -0.516524 0.000218998
11 -0.51766 -0.516628 0.000223375
12 -0.515221 -0.51651 0.000235215
13 -0.516236 -0.516489 0.000217394
14 -0.515702 -0.516433 0.000208985
15 -0.516344 -0.516427 0.000194645
16 -0.516665 -0.516442 0.000182679
17 -0.517266 -0.51649 0.000178305
18 -0.516622 -0.516498 0.000168265
19 -0.516115 -0.516478 0.000160431
20 -0.516567 -0.516482 0.000152264
21 -0.515804 -0.51645 0.000148388
22 -0.516102 -0.516434 0.000142365
23 -0.516589 -0.516441 0.000136201
24 -0.516859 -0.516458 0.000131563
25 -0.51687 -0.516475 0.000127264
26 -0.51639 -0.516471 0.000122315
27 -0.516124 -0.516458 0.000118399
28 -0.516828 -0.516472 0.000114852
29 -0.516406 -0.516469 0.000110844
30 -0.516336 -0.516465 0.000107178
31 -0.516664 -0.516471 0.000103861
32 -0.517238 -0.516495 0.00010338
33 -0.516266 -0.516488 0.00010044
34 -0.51689 -0.5165 9.81532e-05
35 -0.515787 -0.51648 9.74605e-05
36 -0.516372 -0.516477 9.47619e-05
37 -0.515217 -0.516443 9.82557e-05
38 -0.515936 -0.516429 9.65605e-05
39 -0.516117 -0.516421 9.43931e-05
40 -0.515924 -0.516409 9.28397e-05
41 -0.516214 -0.516404 9.06723e-05
42 -0.516726 -0.516412 8.88173e-05
43 -0.515798 -0.516398 8.78959e-05
44 -0.516322 -0.516396 8.5892e-05
45 -0.516801 -0.516405 8.44424e-05
46 -0.516733 -0.516412 8.28934e-05
47 -0.515961 -0.516402 8.16767e-05
48 -0.515766 -0.516389 8.10502e-05
49 -0.514958 -0.51636 8.45789e-05
50 -0.515945 -0.516352 8.3285e-05
51 -0.515574 -0.516336 8.30489e-05
52 -0.516499 -0.51634 8.14963e-05
53 -0.516294 -0.516339 7.99483e-05
54 -0.516389 -0.51634 7.84593e-05
55 -0.515854 -0.516331 7.75248e-05
56 -0.517366 -0.516349 7.8342e-05
57 -0.51605 -0.516344 7.71346e-05
58 -0.515997 -0.516338 7.60291e-05
59 -0.515958 -0.516332 7.50058e-05
60 -0.516182 -0.516329 7.37875e-05
61 -0.515928 -0.516323 7.2865e-05
62 -0.51587 -0.516315 7.20501e-05
63 -0.516642 -0.51632 7.10863e-05
64 -0.517806 -0.516344 7.37148e-05
65 -0.516243 -0.516342 7.25883e-05
66 -0.516097 -0.516338 7.15766e-05
67 -0.516612 -0.516342 7.06184e-05
68 -0.516372 -0.516343 6.95735e-05
69 -0.516438 -0.516344 6.85715e-05
70 -0.516198 -0.516342 6.76169e-05
71 -0.516281 -0.516341 6.66634e-05
72 -0.514967 -0.516322 6.84455e-05
73 -0.516524 -0.516325 6.75579e-05
74 -0.516282 -0.516324 6.66413e-05
75 -0.516286 -0.516324 6.57487e-05
76 -0.515601 -0.516314 6.55717e-05
77 -0.516674 -0.516319 6.48825e-05
78 -0.51665 -0.516323 6.4186e-05
79 -0.516594 -0.516327 6.34612e-05
80 -0.516237 -0.516326 6.2673e-05
81 -0.516489 -0.516328 6.19272e-05
82 -0.516113 -0.516325 6.12234e-05
83 -0.516162 -0.516323 6.0513e-05
84 -0.516032 -0.51632 5.98885e-05
85 -0.516186 -0.516318 5.92005e-05
86 -0.516521 -0.51632 5.85556e-05
87 -0.516389 -0.516321 5.7884e-05
88 -0.517051 -0.516329 5.78207e-05
89 -0.516229 -0.516328 5.71785e-05
90 -0.515868 -0.516323 5.67705e-05
91 -0.515915 -0.516319 5.63219e-05
92 -0.516674 -0.516323 5.58403e-05
93 -0.51592 -0.516318 5.5406e-05
94 -0.516846 -0.516324 5.51006e-05
95 -0.516865 -0.51633 5.48141e-05
96 -0.517084 -0.516337 5.48065e-05
97 -0.517042 -0.516345 5.47222e-05
98 -0.516824 -0.51635 5.43813e-05
99 -0.517317 -0.516359 5.47087e-05
100 -0.51569 -0.516353 5.45714e-05
1 -0.462753 -0.462753 0
2 -0.460517 -0.461635 0.001118
3 -0.462229 -0.461833 0.000675163
4 -0.462286 -0.461946 0.000490696
5 -0.463237 -0.462204 0.000459451
6 -0.461455 -0.462079 0.000395371
7 -0.462012 -0.46207 0.000334289
8 -0.463294 -0.462223 0.000327432
9 -0.463242 -0.462336 0.000310163
10 -0.462047 -0.462307 0.000278918
11 -0.461665 -0.462249 0.00025896
12 -0.462625 -0.46228 0.000238465
13 -0.461493 -0.46222 0.000227562
14 -0.462347 -0.462229 0.000210879
15 -0.462408 -0.462241 0.000196681
16 -0.462828 -0.462277 0.000187606
17 -0.462406 -0.462285 0.000176387
18 -0.462219 -0.462281 0.000166339
19 -0.462802 -0.462309 0.000159714
20 -0.462641 -0.462325 0.000152426
21 -0.46131 -0.462277 0.000152828
22 -0.462361 -0.462281 0.000145765
23 -0.462746 -0.462301 0.000140742
24 -0.461697 -0.462276 0.000137082
25 -0.462254 -0.462275 0.000131487
26 -0.462506 -0.462284 0.000126642
27 -0.46076 -0.462227 0.000134296
28 -0.461544 -0.462203 0.000131692
29 -0.462367 -0.462209 0.000127196
30 -0.462456 -0.462217 0.000123159
31 -0.462012 -0.46221 0.000119303
32 -0.462391 -0.462216 0.000115653
33 -0.46245 -0.462223 0.000112319
34 -0.461246 -0.462194 0.000112694
35 -0.461875 -0.462185 0.000109806
36 -0.46159 -0.462169 0.000107987
37 -0.461797 -0.462159 0.000105507
38 -0.462196 -0.46216 0.000102698
39 -0.461327 -0.462138 0.000102281
40 -0.461933 -0.462133 9.98238e-05
41 -0.461155 -0.462109 0.000100238
42 -0.462456 -0.462117 9.81696e-05
43 -0.462405 -0.462124 9.6092e-05
44 -0.461682 -0.462114 9.442e-05
45 -0.461461 -0.4621 9.34327e-05
46 -0.461925 -0.462096 9.1458e-05
47 -0.46282 -0.462111 9.08078e-05
48 -0.46139 -0.462096 9.0158e-05
49 -0.461782 -0.46209 8.8532e-05
50 -0.462032 -0.462089 8.67509e-05
51 -0.462044 -0.462088 8.50374e-05
52 -0.46171 -0.46208 8.37025e-05
53 -0.461873 -0.462077 8.22014e-05
54 -0.462529 -0.462085 8.10985e-05
55 -0.462075 -0.462085 7.96105e-05
56 -0.461789 -0.462079 7.83544e-05
57 -0.462409 -0.462085 7.7184e-05
58 -0.461626 -0.462077 7.62531e-05
59 -0.462438 -0.462083 7.51978e-05
60 -0.462221 -0.462086 7.39694e-05
61 -0.461131 -0.46207 7.44105e-05
62 -0.461654 -0.462063 7.35081e-05
63 -0.462074 -0.462064 7.23321e-05
64 -0.461576 -0.462056 7.15993e-05
65 -0.462054 -0.462056 7.04891e-05
66 -0.462206 -0.462058 6.94504e-05
67 -0.46179 -0.462054 6.85233e-05
68 -0.461314 -0.462043 6.8379e-05
69 -0.462306 -0.462047 6.74878e-05
70 -0.462754 -0.462057 6.72782e-05
71 -0.46161 -0.462051 6.66216e-05
72 -0.462875 -0.462062 6.66801e-05
73 -0.462596 -0.46207 6.61654e-05
74 -0.463002 -0.462082 6.64692e-05
75 -0.462742 -0.462091 6.61637e-05
76 -0.462605 -0.462098 6.56364e-05
77 -0.462695 -0.462106 6.52413e-05
78 -0.462764 -0.462114 6.49504e-05
79 -0.462728 -0.462122 6.45923e-05
80 -0.461781 -0.462117 6.3922e-05
81 -0.461346 -0.462108 6.38417e-05
82 -0.461536 -0.462101 6.34429e-05
83 -0.461406 -0.462093 6.32314e-05
84 -0.462069 -0.462092 6.24748e-05
85 -0.462566 -0.462098 6.19868e-05
86 -0.461409 -0.46209 6.17836e-05
87 -0.462226 -0.462091 6.10895e-05
88 -0.462935 -0.462101 6.11477e-05
89 -0.461442 -0.462094 6.09091e-05
90 -0.46107 -0.462082 6.12939e-05
91 -0.461507 -0.462076 6.09451e-05
92 -0.462132 -0.462077 6.02821e-05
93 -0.462613 -0.462082 5.99085e-05
94 -0.461085 -0.462072 6.02103e-05
95 -0.462648 -0.462078 5.98812e-05
96 -0.462402 -0.462081 5.93505e-05
97 -0.46263 -0.462087 5.90078e-05
98 -0.461816 -0.462084 5.84679e-05
99 -0.462098 -0.462084 5.78745e-05
100 -0.461664 -0.46208 5.74467e-05
1 -0.418139 -0.418139 0
2 -0.417226 -0.417682 0.0004568
3 -0.417316 -0.41756 0.000290641
4 -0.41791 -0.417648 0.000223379
5 -0.417386 -0.417596 0.000180754
6 -0.416221 -0.417366 0.000272539
7 -0.4172 -0.417343 0.000231561
8 -0.416993 -0.417299 0.00020525
9 -0.417509 -0.417322 0.000182509
10 -0.417182 -0.417308 0.000163839
11 -0.417488 -0.417325 0.000149096
12 -0.41763 -0.41735 0.000138459
13 -0.41705 -0.417327 0.000129432
14 -0.417479 -0.417338 0.000120323
15 -0.417406 -0.417342 0.000112108
16 -0.41776 -0.417368 0.000108067
17 -0.416823 -0.417336 0.000106458
18 -0.417675 -0.417355 0.000102119
19 -0.417738 -0.417375 9.86776e-05
20 -0.417448 -0.417379 9.36841e-05
21 -0.417758 -0.417397 9.0924e-05
22 -0.416897 -0.417374 8.96257e-05
23 -0.416783 -0.417349 8.94142e-05
24 -0.417476 -0.417354 8.57719e-05
25 -0.418105 -0.417384 8.75801e-05
26 -0.417022 -0.41737 8.52858e-05
27 -0.417585 -0.417378 8.24507e-05
28 -0.417134 -0.417369 7.99297e-05
29 -0.417452 -0.417372 7.71769e-05
30 -0.417215 -0.417367 7.47434e-05
31 -0.416792 -0.417348 7.46332e-05
32 -0.417236 -0.417345 7.23485e-05
33 -0.417778 -0.417358 7.13419e-05
34 -0.416337 -0.417328 7.54481e-05
35 -0.417625 -0.417336 7.37499e-05
36 -0.416914 -0.417325 7.26246e-05
37 -0.417472 -0.417329 7.07466e-05
38 -0.417106 -0.417323 6.91095e-05
39 -0.416577 -0.417304 6.99794e-05
40 -0.416738 -0.41729 6.96604e-05
41 -0.417976 -0.417306 6.99726e-05
42 -0.417302 -0.417306 6.82864e-05
43 -0.417362 -0.417307 6.66922e-05
44 -0.416872 -0.417298 6.59063e-05
45 -0.418243 -0.417319 6.77654e-05
46 -0.417756 -0.417328 6.69545e-05
47 -0.417322 -0.417328 6.55146e-05
48 -0.417048 -0.417322 6.43999e-05
49 -0.417319 -0.417322 6.30719e-05
50 -0.417009 -0.417316 6.21145e-05
51 -0.41743 -0.417318 6.09258e-05
52 -0.417559 -0.417323 5.99223e-05
53 -0.41701 -0.417317 5.9077e-05
54 -0.41765 -0.417323 5.83009e-05
55 -0.417694 -0.41733 5.76281e-05
56 -0.416877 -0.417322 5.71647e-05
57 -0.417016 -0.417316 5.64083e-05
58 -0.416219 -0.417297 5.85659e-05
59 -0.417384 -0.417299 5.75834e-05
60 -0.416193 -0.41728 5.9541e-05
61 -0.416706 -0.417271 5.9308e-05
62 -0.416138 -0.417253 6.11404e-05
63 -0.417773 -0.417261 6.07259e-05
64 -0.417152 -0.417259 5.97937e-05
65 -0.417749 -0.417267 5.93465e-05
66 -0.416883 -0.417261 5.87287e-05
67 -0.417158 -0.417259 5.7866e-05
68 -0.417087 -0.417257 5.7065e-05
69 -0.4173 -0.417258 5.62353e-05
70 -0.417338 -0.417259 5.54379e-05
71 -0.41767 -0.417264 5.49583e-05
72 -0.417296 -0.417265 5.41914e-05
73 -0.417667 -0.41727 5.37273e-05
74 -0.41859 -0.417288 5.59142e-05
75 -0.417678 -0.417293 5.54084e-05
76 -0.418298 -0.417307 5.62483e-05
77 -0.417006 -0.417303 5.56505e-05
78 -0.416729 -0.417295 5.5423e-05
79 -0.416695 -0.417288 5.52419e-05
80 -0.418007 -0.417297 5.52833e-05
81 -0.417151 -0.417295 5.46261e-05
82 -0.417207 -0.417294 5.39664e-05
83 -0.417625 -0.417298 5.34611e-05
84 -0.417211 -0.417297 5.28309e-05
85 -0.417566 -0.4173 5.23019e-05
86 -0.417575 -0.417303 5.17891e-05
87 -0.41767 -0.417307 5.1364e-05
88 -0.418304 -0.417319 5.20244e-05
89 -0.416855 -0.417314 5.16996e-05
90 -0.416799 -0.417308 5.14404e-05
91 -0.416659 -0.417301 5.1369e-05
92 -0.416491 -0.417292 5.15639e-05
93 -0.417694 -0.417296 5.11897e-05
94 -0.416382 -0.417287 5.15685e-05
95 -0.417218 -0.417286 5.10279e-05
96 -0.417171 -0.417285 5.05076e-05
97 -0.417813 -0.41729 5.02799e-05
98 -0.417937 -0.417297 5.01999e-05
99 -0.417834 -0.417302 4.99862e-05
100 -0.417053 -0.4173 4.95466e-05
1 -0.37947 -0.37947 0
2 -0.380578 -0.380024 0.0005544
3 -0.380786 -0.380278 0.000408701
4 -0.380022 -0.380214 0.000296026
5 -0.380402 -0.380252 0.000232376
6 -0.379397 -0.380109 0.000237276
7 -0.37981 -0.380066 0.000205051
8 -0.380566 -0.380129 0.000188224
9 -0.380503 -0.38017 0.000171131
10 -0.379778 -0.380131 0.000158024
11 -0.37937 -0.380062 0.00015882
12 -0.379811 -0.380041 0.00014648
13 -0.379324 -0.379986 0.000145593
14 -0.379507 -0.379952 0.000139061
15 -0.379312 -0.379909 0.000136302
16 -0.379947 -0.379911 0.000127521
17 -0.379646 -0.379896 0.000120801
18 -0.380874 -0.37995 0.000126185
19 -0.380533 -0.379981 0.000123236
20 -0.380319 -0.379998 0.00011813
21 -0.380704 -0.380031 0.00011729
22 -0.379852 -0.380023 0.000112128
23 -0.379874 -0.380017 0.000107338
24 -0.380739 -0.380047 0.000107086
25 -0.379631 -0.38003 0.00010405
26 -0.379664 -0.380016 0.000100955
27 -0.380291 -0.380026 9.76773e-05
28 -0.379102 -0.379993 9.97496e-05
29 -0.380898 -0.380024 0.000101174
30 -0.379347 -0.380002 0.000100317
31 -0.379676 -0.379991 9.75945e-05
32 -0.380636 -0.380012 9.66189e-05
33 -0.379966 -0.38001 9.36556e-05
34 -0.379459 -0.379994 9.22928e-05
35 -0.38037 -0.380005 9.02576e-05
36 -0.3793 -0.379985 8.9872e-05
37 -0.379329 -0.379967 8.91907e-05
38 -0.380261 -0.379975 8.71547e-05
39 -0.380243 -0.379982 8.51685e-05
40 -0.379826 -0.379978 8.3103e-05
41 -0.380124 -0.379982 8.11289e-05
42 -0.379883 -0.379979 7.92084e-05
43 -0.380178 -0.379984 7.74818e-05
44 -0.380437 -0.379994 7.63971e-05
45 -0.380138 -0.379997 7.47488e-05
46 -0.380502 -0.380008 7.39256e-05
47 -0.380353 -0.380016 7.27059e-05
48 -0.380305 -0.380022 7.14295e-05
49 -0.380498 -0.380031 7.06298e-05
50 -0.380603 -0.380043 7.01412e-05
51 -0.379722 -0.380037 6.90387e-05
52 -0.378716 -0.380011 7.23047e-05
53 -0.380158 -0.380014 7.09811e-05
54 -0.380194 -0.380017 6.97344e-05
55 -0.379954 -0.380016 6.84643e-05
56 -0.379964 -0.380015 6.7237e-05
57 -0.38037 -0.380021 6.63402e-05
58 -0.379923 -0.38002 6.52084e-05
59 -0.379226 -0.380006 6.54918e-05
60 -0.380151 -0.380009 6.44363e-05
61 -0.379974 -0.380008 6.33736e-05
62 -0.37989 -0.380006 6.2372e-05
63 -0.380026 -0.380007 6.13747e-05
64 -0.379774 -0.380003 6.0517e-05
65 -0.379903 -0.380001 5.95984e-05
66 -0.379984 -0.380001 5.86891e-05
67 -0.379807 -0.379998 5.78789e-05
68 -0.38007 -0.379999 5.70312e-05
69 -0.380113 -0.380001 5.62227e-05
70 -0.378977 -0.379986 5.73126e-05
71 -0.379754 -0.379983 5.65939e-05
72 -0.380312 -0.379988 5.59891e-05
73 -0.380535 -0.379995 5.5724e-05
74 -0.380516 -0.380002 5.54147e-05
75 -0.379366 -0.379994 5.53241e-05
76 -0.379873 -0.379992 5.46144e-05
77 -0.379689 -0.379988 5.40442e-05
78 -0.380309 -0.379992 5.3505e-05
79 -0.379894 -0.379991 5.28381e-05
80 -0.379625 -0.379986 5.23739e-05
81 -0.380265 -0.37999 5.18373e-05
82 -0.37983 -0.379988 5.12385e-05
83 -0.380439 -0.379993 5.09086e-05
84 -0.380098 -0.379995 5.03145e-05
85 -0.379841 -0.379993 4.97519e-05
86 -0.380741 -0.380001 4.99334e-05
87 -0.379987 -0.380001 4.93564e-05
88 -0.380876 -0.380011 4.97944e-05
89 -0.380787 -0.38002 4.99977e-05
90 -0.380609 -0.380027 4.98701e-05
91 -0.380124 -0.380028 4.93306e-05
92 -0.380589 -0.380034 4.91713e-05
93 -0.379536 -0.380028 4.89332e-05
94 -0.38035 -0.380032 4.85304e-05
95 -0.379181 -0.380023 4.88452e-05
96 -0.37961 -0.380019 4.85242e-05
97 -0.379932 -0.380018 4.80296e-05
98 -0.379679 -0.380014 4.76623e-05
99 -0.380651 -0.380021 4.76152e-05
100 -0.379771 -0.380018 4.72026e-05
1 -0.34809 -0.34809 0
2 -0.348458 -0.348274 0.000184
3 -0.348865 -0.348471 0.000223876
4 -0.34805 -0.348366 0.000189998
5 -0.348142 -0.348321 0.000153793
6 -0.348204 -0.348301 0.000127076
7 -0.348572 -0.34834 0.000114141
8 -0.348312 -0.348337 9.89111e-05
9 -0.348135 -0.348314 9.0056e-05
10 -0.348525 -0.348335 8.32556e-05
11 -0.347795 -0.348286 8.98991e-05
12 -0.347887 -0.348253 8.85457e-05
13 -0.348147 -0.348245 8.18553e-05
14 -0.349153 -0.34831 9.97474e-05
15 -0.347591 -0.348262 0.000104485
16 -0.348226 -0.34826 9.77616e-05
17 -0.348378 -0.348267 9.20968e-05
18 -0.348483 -0.348279 8.766e-05
19 -0.34883 -0.348308 8.78573e-05
20 -0.348251 -0.348305 8.33965e-05
21 -0.348034 -0.348292 8.03641e-05
22 -0.348106 -0.348283 7.70868e-05
23 -0.348849 -0.348308 7.76516e-05
24 -0.348407 -0.348312 7.44604e-05
25 -0.348734 -0.348329 7.3382e-05
26 -0.34816 -0.348323 7.08024e-05
27 -0.348257 -0.34832 6.81731e-05
28 -0.347713 -0.348298 6.91813e-05
29 -0.348582 -0.348308 6.74636e-05
30 -0.347898 -0.348295 6.6592e-05
31 -0.349202 -0.348324 7.07536e-05
32 -0.348985 -0.348344 7.15531e-05
33 -0.348542 -0.34835 6.96098e-05
34 -0.348414 -0.348352 6.7557e-05
35 -0.348912 -0.348368 6.75192e-05
36 -0.348661 -0.348376 6.6118e-05
37 -0.348428 -0.348378 6.43212e-05
38 -0.348487 -0.348381 6.26718e-05
39 -0.348215 -0.348376 6.11911e-05
40 -0.347903 -0.348365 6.08039e-05
41 -0.348544 -0.348369 5.94635e-05
42 -0.347515 -0.348349 6.14882e-05
43 -0.348814 -0.34836 6.10102e-05
44 -0.348332 -0.348359 5.96108e-05
45 -0.34766 -0.348343 6.03053e-05
46 -0.348638 -0.34835 5.93256e-05
47 -0.34851 -0.348353 5.81501e-05
48 -0.348226 -0.348351 5.69878e-05
49 -0.348612 -0.348356 5.60672e-05
50 -0.349229 -0.348373 5.7642e-05
51 -0.347694 -0.34836 5.80475e-05
52 -0.347514 -0.348344 5.91976e-05
53 -0.347918 -0.348336 5.86239e-05
54 -0.34779 -0.348326 5.84076e-05
55 -0.349073 -0.348339 5.89233e-05
56 -0.348092 -0.348335 5.80297e-05
57 -0.348287 -0.348334 5.70086e-05
58 -0.348927 -0.348344 5.69433e-05
59 -0.348173 -0.348341 5.60452e-05
60 -0.348172 -0.348338 5.51753e-05
61 -0.348685 -0.348344 5.45595e-05
62 -0.348187 -0.348342 5.3732e-05
63 -0.349034 -0.348353 5.40012e-05
64 -0.348097 -0.348349 5.33007e-05
65 -0.347818 -0.34834 5.31045e-05
66 -0.347572 -0.348329 5.3574e-05
67 -0.348689 -0.348334 5.30413e-05
68 -0.348718 -0.34834 5.25588e-05
69 -0.347798 -0.348332 5.23842e-05
70 -0.3487 -0.348337 5.18975e-05
71 -0.348262 -0.348336 5.11721e-05
72 -0.348865 -0.348343 5.09879e-05
73 -0.347892 -0.348337 5.06635e-05
74 -0.348923 -0.348345 5.05975e-05
75 -0.348189 -0.348343 4.99618e-05
76 -0.349761 -0.348362 5.2711e-05
77 -0.34863 -0.348365 5.21388e-05
78 -0.348277 -0.348364 5.14785e-05
79 -0.348066 -0.34836 5.09622e-05
80 -0.34805 -0.348356 5.04701e-05
81 -0.348572 -0.348359 4.99141e-05
82 -0.349023 -0.348367 4.99623e-05
83 -0.3492 -0.348377 5.03661e-05
84 -0.348166 -0.348375 4.98267e-05
85 -0.34862 -0.348378 4.93214e-05
86 -0.348747 -0.348382 4.89336e-05
87 -0.347669 -0.348374 4.90576e-05
88 -0.348387 -0.348374 4.84971e-05
89 -0.347803 -0.348367 4.8376e-05
90 -0.348829 -0.348373 4.81093e-05
91 -0.347918 -0.348368 4.78397e-05
92 -0.348978 -0.348374 4.77791e-05
93 -0.348812 -0.348379 4.74964e-05
94 -0.347647 -0.348371 4.76289e-05
95 -0.348023 -0.348368 4.7267e-05
96 -0.348338 -0.348367 4.6773e-05
97 -0.34917 -0.348375 4.70216e-05
98 -0.348934 -0.348381 4.68865e-05
99 -0.348563 -0.348383 4.64469e-05
100 -0.348402 -0.348383 4.59805e-05
1 -0.32135 -0.32135 0
2 -0.321737 -0.321543 0.0001936
3 -0.320903 -0.32133 0.000240842
4 -0.321058 -0.321262 0.0001834
5 -0.321937 -0.321397 0.000195975
6 -0.321367 -0.321392 0.000160089
7 -0.321286 -0.321377 0.000136149
8 -0.321788 -0.321428 0.000128631
9 -0.321039 -0.321385 0.000121393
10 -0.321155 -0.321362 0.00011098
11 -0.321668 -0.32139 0.00010417
12 -0.321429 -0.321393 9.51495e-05
13 -0.322162 -0.321452 0.000105657
14 -0.321082 -0.321426 0.000101323
15 -0.321491 -0.32143 9.44271e-05
16 -0.320753 -0.321388 9.79491e-05
17 -0.321259 -0.32138 9.23177e-05
18 -0.322082 -0.321419 9.53798e-05
19 -0.322142 -0.321457 9.79036e-05
20 -0.320175 -0.321393 0.000112853
21 -0.322062 -0.321425 0.000111965
22 -0.322136 -0.321457 0.000111539
23 -0.321704 -0.321468 0.000107117
24 -0.321462 -0.321468 0.000102557
25 -0.321497 -0.321469 9.83765e-05
26 -0.321018 -0.321452 9.60924e-05
27 -0.32144 -0.321451 9.24659e-05
28 -0.32117 -0.321441 8.96649e-05
29 -0.322992 -0.321495 0.000101711
30 -0.321722 -0.321502 9.85554e-05
31 -0.321379 -0.321498 9.54057e-05
32 -0.321918 -0.321511 9.33047e-05
33 -0.32234 -0.321536 9.38544e-05
34 -0.321374 -0.321532 9.11768e-05
35 -0.321204 -0.321522 8.90272e-05
36 -0.321586 -0.321524 8.65372e-05
37 -0.321226 -0.321516 8.45517e-05
38 -0.320972 -0.321502 8.35327e-05
39 -0.321356 -0.321498 8.14485e-05
40 -0.321347 -0.321494 7.94756e-05
41 -0.321014 -0.321483 7.83915e-05
42 -0.320576 -0.321461 7.94888e-05
43 -0.321169 -0.321454 7.79151e-05
44 -0.321099 -0.321446 7.65499e-05
45 -0.321614 -0.32145 7.49229e-05
46 -0.320758 -0.321435 7.48018e-05
47 -0.321427 -0.321435 7.31932e-05
48 -0.32188 -0.321444 7.22503e-05
49 -0.322088 -0.321457 7.1971e-05
50 -0.321008 -0.321448 7.10865e-05
51 -0.321643 -0.321452 6.97837e-05
52 -0.32133 -0.32145 6.84689e-05
53 -0.321742 -0.321455 6.73916e-05
54 -0.321247 -0.321451 6.62437e-05
55 -0.321563 -0.321453 6.506e-05
56 -0.321631 -0.321456 6.39666e-05
57 -0.321111 -0.32145 6.31256e-05
58 -0.321638 -0.321454 6.21116e-05
59 -0.321154 -0.321449 6.12601e-05
60 -0.321911 -0.321456 6.0722e-05
61 -0.32145 -0.321456 5.97184e-05
62 -0.321654 -0.321459 5.88342e-05
63 -0.321898 -0.321466 5.83108e-05
64 -0.320814 -0.321456 5.82916e-05
65 -0.3216 -0.321458 5.74304e-05
66 -0.322204 -0.32147 5.76711e-05
67 -0.321402 -0.321469 5.68126e-05
68 -0.32113 -0.321464 5.61925e-05
69 -0.321665 -0.321467 5.54489e-05
70 -0.32139 -0.321465 5.46618e-05
71 -0.321902 -0.321472 5.42367e-05
72 -0.321341 -0.32147 5.3509e-05
73 -0.322175 -0.321479 5.36483e-05
74 -0.321536 -0.32148 5.29238e-05
75 -0.321962 -0.321487 5.26064e-05
76 -0.32145 -0.321486 5.19119e-05
77 -0.322058 -0.321494 5.1768e-05
78 -0.321546 -0.321494 5.11043e-05
79 -0.321385 -0.321493 5.04723e-05
80 -0.321151 -0.321489 5.00201e-05
81 -0.321043 -0.321483 4.97038e-05
82 -0.320906 -0.321476 4.95965e-05
83 -0.322173 -0.321484 4.97092e-05
84 -0.322286 -0.321494 5.00331e-05
85 -0.321794 -0.321498 4.95672e-05
86 -0.32169 -0.3215 4.90383e-05
87 -0.322375 -0.32151 4.95048e-05
88 -0.32193 -0.321515 4.91709e-05
89 -0.321954 -0.32152 4.88649e-05
90 -0.321918 -0.321524 4.85209e-05
91 -0.322042 -0.32153 4.83208e-05
92 -0.321327 -0.321527 4.78433e-05
93 -0.321584 -0.321528 4.73299e-05
94 -0.32225 -0.321536 4.74487e-05
95 -0.322399 -0.321545 4.78184e-05
96 -0.322144 -0.321551 4.77275e-05
97 -0.32109 -0.321546 4.74719e-05
98 -0.321717 -0.321548 4.70172e-05
99 -0.321994 -0.321553 4.6757e-05
100 -0.320759 -0.321545 4.6962e-05
