3.14155 0
3.14202 0.000472634
3.14183 0.000332492
3.14172 0.000259437
3.14177 0.000208148
3.14179 0.000170929
3.14171 0.000166562
3.14144 0.000306329
3.14143 0.000270513
3.14165 0.000328593
3.14144 0.000362834
3.14144 0.000331234
3.14135 0.00031804
3.14125 0.000310743
3.1412 0.000293635
3.14119 0.000274716
3.14116 0.000259394
3.14116 0.000244559
3.1412 0.000234391
3.14127 0.000231654
3.1414 0.000259048
3.14145 0.000251723
3.14139 0.000248089
3.14136 0.000239892
3.14138 0.000231065
3.14141 0.000224207
3.14142 0.000216019
3.14145 0.000210389
3.14152 0.000214982
3.14153 0.000207996
3.1416 0.000211334
3.14161 0.000204842
3.14159 0.00019897
3.14165 0.000199753
3.14169 0.000199977
3.14166 0.000197932
3.14166 0.000192511
3.14159 0.000198518
3.14161 0.000194225
3.14158 0.000191123
3.14169 0.00021257
3.1417 0.000207887
3.14168 0.000204452
3.14169 0.000200277
3.14169 0.000195802
3.14168 0.000192042
3.14167 0.000188156
3.14164 0.000185983
3.14164 0.000182316
3.14157 0.000191313
3.14156 0.000187556
3.14156 0.000183914
3.14157 0.000180674
3.14158 0.000177454
3.14155 0.000176916
3.14153 0.000174662
3.14154 0.000171826
3.14154 0.000168849
3.14153 0.000166531
3.14153 0.000163733
3.14153 0.000161028
3.14151 0.000158926
3.14157 0.000166448
3.14159 0.000165504
3.1416 0.000162964
3.14159 0.000160484
3.14162 0.000160628
3.14162 0.000158403
3.1416 0.000156629
3.1416 0.000154382
3.14158 0.000153321
3.1416 0.00015216
3.14159 0.000150407
3.14157 0.000150431
3.14155 0.000149089
3.14155 0.000147156
3.14154 0.000145998
3.14156 0.000145707
3.14157 0.000144224
3.14156 0.000143184
3.14157 0.000142009
3.14158 0.000140955
3.14163 0.000145178
3.14162 0.000143671
3.14162 0.000141994
3.14162 0.000140334
3.14162 0.000138757
3.14163 0.000138369
3.14164 0.000136954
3.14164 0.000135439
3.14164 0.000133942
3.14166 0.000133771
3.14163 0.000135067
3.14162 0.000134111
3.14162 0.000132772
3.14162 0.000131459
3.14166 0.000135563
3.14167 0.000134353
3.14169 0.000134151
3.14169 0.000132904
